
Grupo 0
#(0.0135693615 0 0 0 0 0) - 0
#(0.01331359 0 0 0 0 0) - 0
#(0.010742411 0 0 0 0 0) - 0
#(0.010257791 0 0 0 0 0) - 0
#(0.009692401 0 0 0 0 0) - 0
#(0.007255839 0 0 0 0 0) - 0
#(0.010378946 0 0 0 0 0) - 0
#(0.010217406 0 0 0 0 0) - 0
#(0.011550111 0 0 0 0 0) - 0
#(0.0058558257 0 0 0 0 0) - 0
#(0.008534698 0 0 0 0 0) - 0
#(0.012600121 0 0 0 0 0) - 0
#(0.009827018 0 0 0 0 0) - 0
#(0.0060577504 0 0 0 0 0) - 0
#(0.011684728 0 0 0 0 0) - 0
#(0.006744296 0 0 0 0 0) - 0
#(0.009665477 0 0 0 0 0) - 0
#(0.040950395 0 0 0 0 0) - 0
#(0.057279397 0 0 0 0 0) - 0
#(0.040950395 0 0 0 0 0) - 0
#(0.057279397 0 0 0 0 0) - 0
#(0.013488592 0 0 0 0 0) - 0
#(0.012546275 0 0 0 0 0) - 0
#(0.012559736 0 0 0 0 0) - 0
#(0.008628929 0 0 0 0 0) - 0
#(0.023988692 0 0 0 0 0) - 0
#(0.040950395 0 0 0 0 0) - 0
#(0.057279397 0 0 0 0 0) - 0
#(0.040950395 0 0 0 0 0) - 0
#(0.012923202 0 0 0 0 0) - 0
#(0.024082923 0 0 0 0 0) - 0
#(0.012519351 0 0 0 0 0) - 0
#(0.024863701 0 0 0 0 0) - 0
#(0.011846268 0 0 0 0 0) - 0
#(0.009732786 0 0 0 0 0) - 0
#(0.012344349 0 0 0 0 0) - 0
#(0.009652016 0 0 0 0 0) - 0
#(0.012344349 0 0 0 0 0) - 0
#(0.012990509 0 0 0 0 0) - 0
#(0.011913576 0 0 0 0 0) - 0
#(0.008925086 0 0 0 0 0) - 0
#(0.009275089 0 0 0 0 0) - 0
#(0.007659689 0 0 0 0 0) - 0
#(0.008965471 0 0 0 0 0) - 0
#(0.0098135555 0 0 0 0 0) - 0
#(0.013003971 0 0 0 0 0) - 0
#(0.008292387 0 0 0 0 0) - 0
#(0.008669314 0 0 0 0 0) - 0
#(0.009638554 0 0 0 0 0) - 0
#(0.010715487 0 0 0 0 0) - 0
#(0.005586592 0 0 0 0 0) - 0
#(0.018940566 0 0 0 0 0) - 0
#(0.009490476 0 0 0 0 0) - 0
#(0.014134752 0 0 0 0 0) - 0
#(0.010150097 0 0 0 0 0) - 0
#(0.016934779 0 0 0 0 0) - 0
#(0.008682776 0 0 0 0 0) - 0
#(0.009248165 0 0 0 0 0) - 0
#(0.02888874 0 0 0 0 0) - 0
#(0.057346705 0 0 0 0 0) - 0
#(0.011846268 0 0 0 0 0) - 0
#(0.010890489 0 0 0 0 0) - 0
#(0.02888874 0 0 0 0 0) - 0
#(0.057346705 0 0 0 0 0) - 0
#(0.013838595 0 0 0 0 0) - 0
#(0.015305917 0 0 0 0 0) - 0
#(0.0125731975 0 0 0 0 0) - 0
#(0.011078953 0 0 0 0 0) - 0
#(0.033775326 0 0 0 0 0) - 0
#(0.05465437 0 0 0 0 0) - 0
#(0.023207916 0 0 0 0 0) - 0
#(0.009005856 0 0 0 0 0) - 0
#(0.05465437 0 0 0 0 0) - 0
#(0.044436965 0 0 0 0 0) - 0
#(0.023207916 0 0 0 0 0) - 0
#(0.010109712 0 0 0 0 0) - 0
#(0.008898162 0 0 0 0 0) - 0
#(0.057346705 0 0 0 0 0) - 0
#(0.028754123 0 0 0 0 0) - 0
#(0.013017433 0 0 0 0 0) - 0
#(0.015117453 0 0 0 0 0) - 0
#(0.057346705 0 0 0 0 0) - 0
#(0.028754123 0 0 0 0 0) - 0
#(0.014242444 0 0 0 0 0) - 0
#(0.012007807 0 0 0 0 0) - 0
#(0.009328936 0 0 0 0 0) - 0
#(0.008655853 0 0 0 0 0) - 0
#(0.007053914 0 0 0 0 0) - 0
#(0.0054115904 0 0 0 0 0) - 0
#(0.0050750487 0 0 0 0 0) - 0
#(0.008723161 0 0 0 0 0) - 0
#(0.0075654574 0 0 0 0 0) - 0
#(0.006367369 0 0 0 0 0) - 0
#(0.0077539207 0 0 0 0 0) - 0
#(0.004873124 0 0 0 0 0) - 0
#(0.009248165 0 0 0 0 0) - 0
#(0.004873124 0 0 0 0 0) - 0
#(0.0035404186 0 0 0 0 0) - 0
#(0.0054519754 0 0 0 0 0) - 0
#(0.007834691 0 0 0 0 0) - 0
#(0.005478899 0 0 0 0 0) - 0
#(0.0072827623 0 0 0 0 0) - 0
#(0.014457831 0 0 0 0 0) - 0
#(0.009800094 0 0 0 0 0) - 0
#(0.009100088 0 0 0 0 0) - 0
#(0.0081308475 0 0 0 0 0) - 0
#(0.07484687 0 0 0 0 0) - 0
#(0.017379014 0 0 0 0 0) - 0
#(0.07484687 0 0 0 0 0) - 0
#(0.016234772 0 0 0 0 0) - 0
#(0.06305445 0 0 0 0 0) - 0
#(0.012088578 0 0 0 0 0) - 0
#(0.012425119 0 0 0 0 0) - 0
#(0.010971259 0 0 0 0 0) - 0
#(0.012128963 0 0 0 0 0) - 0
#(0.010257791 0 0 0 0 0) - 0
#(0.011698189 0 0 0 0 0) - 0
#(0.07484687 0 0 0 0 0) - 0
#(0.017379014 0 0 0 0 0) - 0
#(0.07484687 0 0 0 0 0) - 0
#(0.016234772 0 0 0 0 0) - 0
#(0.06305445 0 0 0 0 0) - 0
#(0.0121020395 0 0 0 0 0) - 0
#(0.06305445 0 0 0 0 0) - 0
#(0.011725113 0 0 0 0 0) - 0
#(0.012653967 0 0 0 0 0) - 0
#(0.008332772 0 0 0 0 0) - 0
#(0.016086694 0 0 0 0 0) - 0
#(0.008803931 0 0 0 0 0) - 0
#(0.013865518 0 0 0 0 0) - 0
#(0.0069596823 0 0 0 0 0) - 0
#(0.011011644 0 0 0 0 0) - 0
#(0.010782796 0 0 0 0 0) - 0
#(0.0073096855 0 0 0 0 0) - 0
#(0.005801979 0 0 0 0 0) - 0
#(0.006192367 0 0 0 0 0) - 0
#(0.005021202 0 0 0 0 0) - 0
#(0.0083058495 0 0 0 0 0) - 0
#(0.007175069 0 0 0 0 0) - 0
#(0.010338561 0 0 0 0 0) - 0
#(0.009032779 0 0 0 0 0) - 0
#(0.008588544 0 0 0 0 0) - 0
#(0.011603958 0 0 0 0 0) - 0
#(0.006717372 0 0 0 0 0) - 0
#(0.0047250455 0 0 0 0 0) - 0
#(0.008144309 0 0 0 0 0) - 0
#(0.007969308 0 0 0 0 0) - 0
#(0.0058558257 0 0 0 0 0) - 0
#(0.005586592 0 0 0 0 0) - 0
#(0.012923202 0 0 0 0 0) - 0
#(0.0072423774 0 0 0 0 0) - 0
#(0.009046241 0 0 0 0 0) - 0
#(0.011873191 0 0 0 0 0) - 0
#(0.0067039104 0 0 0 0 0) - 0
#(0.007834691 0 0 0 0 0) - 0
#(0.007040452 0 0 0 0 0) - 0
#(0.0053173588 0 0 0 0 0) - 0
#(0.021000203 0 0 0 0 0) - 0
#(0.01185973 0 0 0 0 0) - 0
#(0.008400081 0 0 0 0 0) - 0
#(0.020219425 0 0 0 0 0) - 0
#(0.012196271 0 0 0 0 0) - 0
#(0.008925086 0 0 0 0 0) - 0
#(0.004671199 0 0 0 0 0) - 0
#(0.01145588 0 0 0 0 0) - 0
#(0.010836642 0 0 0 0 0) - 0
#(0.010917413 0 0 0 0 0) - 0
#(0.007740459 0 0 0 0 0) - 0
#(0.010513563 0 0 0 0 0) - 0
#(0.005142357 0 0 0 0 0) - 0
#(0.013165511 0 0 0 0 0) - 0
#(0.0074846875 0 0 0 0 0) - 0
#(0.011819344 0 0 0 0 0) - 0
#(0.0076462273 0 0 0 0 0) - 0
#(0.0063808304 0 0 0 0 0) - 0
#(0.0041596554 0 0 0 0 0) - 0
#(0.009988558 0 0 0 0 0) - 0
#(0.009463552 0 0 0 0 0) - 0
#(0.0059500574 0 0 0 0 0) - 0
#(0.0040654237 0 0 0 0 0) - 0
#(0.0039173453 0 0 0 0 0) - 0
#(0.0034731103 0 0 0 0 0) - 0
#(0.0074712257 0 0 0 0 0) - 0
#(0.0140405195 0 0 0 0 0) - 0
#(0.0069596823 0 0 0 0 0) - 0
#(0.008346234 0 0 0 0 0) - 0
#(0.004698122 0 0 0 0 0) - 0
#(0.0039173453 0 0 0 0 0) - 0
#(0.0043885037 0 0 0 0 0) - 0
#(0.008696238 0 0 0 0 0) - 0
#(0.008023154 0 0 0 0 0) - 0
#(0.009315474 0 0 0 0 0) - 0
#(0.04140809 0 0 0 0 0) - 0
#(0.03462341 0 0 0 0 0) - 0
#(0.027165646 0 0 0 0 0) - 0
#(0.04140809 0 0 0 0 0) - 0
#(0.029332975 0 0 0 0 0) - 0
#(0.026452178 0 0 0 0 0) - 0
#(0.018859796 0 0 0 0 0) - 0
#(0.015467457 0 0 0 0 0) - 0
#(0.016207848 0 0 0 0 0) - 0
#(0.018173251 0 0 0 0 0) - 0
#(0.013407821 0 0 0 0 0) - 0
#(0.013098203 0 0 0 0 0) - 0
#(0.038190752 0 0 0 0 0) - 0
#(0.03462341 0 0 0 0 0) - 0
#(0.024729084 0 0 0 0 0) - 0
#(0.009692401 0 0 0 0 0) - 0
#(0.012250118 0 0 0 0 0) - 0
#(0.012196271 0 0 0 0 0) - 0
#(0.010002019 0 0 0 0 0) - 0
#(0.009315474 0 0 0 0 0) - 0
#(0.0059500574 0 0 0 0 0) - 0
#(0.01581746 0 0 0 0 0) - 0
#(0.036925357 0 0 0 0 0) - 0
#(0.013353975 0 0 0 0 0) - 0
#(0.032415695 0 0 0 0 0) - 0
#(0.010863566 0 0 0 0 0) - 0
#(0.012290503 0 0 0 0 0) - 0
#(0.005909672 0 0 0 0 0) - 0
#(0.014067443 0 0 0 0 0) - 0
#(0.036925357 0 0 0 0 0) - 0
#(0.0121424245 0 0 0 0 0) - 0
#(0.012640506 0 0 0 0 0) - 0
#(0.012465505 0 0 0 0 0) - 0
#(0.012465505 0 0 0 0 0) - 0
#(0.0083058495 0 0 0 0 0) - 0
#(0.005263512 0 0 0 0 0) - 0
#(0.011967422 0 0 0 0 0) - 0
#(0.009275089 0 0 0 0 0) - 0
#(0.010688565 0 0 0 0 0) - 0
#(0.012855893 0 0 0 0 0) - 0
#(0.0053442824 0 0 0 0 0) - 0
#(0.0063808304 0 0 0 0 0) - 0
#(0.008238541 0 0 0 0 0) - 0
#(0.011092414 0 0 0 0 0) - 0
#(0.009678939 0 0 0 0 0) - 0
#(0.008628929 0 0 0 0 0) - 0
#(0.008278926 0 0 0 0 0) - 0
#(0.010015481 0 0 0 0 0) - 0
#(0.009342398 0 0 0 0 0) - 0
#(0.0047654305 0 0 0 0 0) - 0
#(0.006744296 0 0 0 0 0) - 0
#(0.0053308206 0 0 0 0 0) - 0
#(0.009194319 0 0 0 0 0) - 0
#(0.0038769604 0 0 0 0 0) - 0
#(0.008050078 0 0 0 0 0) - 0
#(0.006044289 0 0 0 0 0) - 0
#(0.008440466 0 0 0 0 0) - 0
#(0.008386619 0 0 0 0 0) - 0
#(0.007080837 0 0 0 0 0) - 0
#(0.0044558123 0 0 0 0 0) - 0
#(0.0076058423 0 0 0 0 0) - 0
#(0.008534698 0 0 0 0 0) - 0
#(0.004980817 0 0 0 0 0) - 0
#(0.0023827152 0 0 0 0 0) - 0
#(0.007861614 0 0 0 0 0) - 0
#(0.006650064 0 0 0 0 0) - 0
#(0.0060577504 0 0 0 0 0) - 0
#(0.006730834 0 0 0 0 0) - 0
#(0.004415427 0 0 0 0 0) - 0
#(0.0065423707 0 0 0 0 0) - 0
#(0.00985394 0 0 0 0 0) - 0
#(0.0063135223 0 0 0 0 0) - 0
#(0.0022346368 0 0 0 0 0) - 0
#(0.009059702 0 0 0 0 0) - 0
#(0.010055866 0 0 0 0 0) - 0
#(0.0071616075 0 0 0 0 0) - 0
#(0.0089520095 0 0 0 0 0) - 0
#(0.007848152 0 0 0 0 0) - 0
#(0.0035808038 0 0 0 0 0) - 0
#(0.005478899 0 0 0 0 0) - 0
#(0.003648112 0 0 0 0 0) - 0
#(0.0031365687 0 0 0 0 0) - 0
#(0.007686612 0 0 0 0 0) - 0
#(0.002800027 0 0 0 0 0) - 0
#(0.0057212086 0 0 0 0 0) - 0
#(0.007834691 0 0 0 0 0) - 0
#(0.009396244 0 0 0 0 0) - 0
#(0.003930807 0 0 0 0 0) - 0
#(0.007928923 0 0 0 0 0) - 0

Grupo 1
#(0 0.014035543 0 0 0 0) - 1
#(0 0.010721596 0 0 0 0) - 1
#(0 0.0046460247 0 0 0 0) - 1
#(0 0.007959973 0 0 0 0) - 1
#(0 0.009194581 0 0 0 0) - 1
#(0 0.01345073 0 0 0 0) - 1
#(0 0.011631307 0 0 0 0) - 1
#(0 0.008967153 0 0 0 0) - 1
#(0 0.0035738654 0 0 0 0) - 1
#(0 0.0052308394 0 0 0 0) - 1
#(0 0.005263329 0 0 0 0) - 1
#(0 0.0044510867 0 0 0 0) - 1
#(0 0.0056532053 0 0 0 0) - 1
#(0 0.0065954057 0 0 0 0) - 1
#(0 0.0054257773 0 0 0 0) - 1
#(0 0.0041586794 0 0 0 0) - 1
#(0 0.0091296015 0 0 0 0) - 1
#(0 0.009779395 0 0 0 0) - 1
#(0 0.0082523795 0 0 0 0) - 1
#(0 0.006075571 0 0 0 0) - 1
#(0 0.0054907566 0 0 0 0) - 1
#(0 0.008869684 0 0 0 0) - 1
#(0 0.006692875 0 0 0 0) - 1
#(0 0.007927483 0 0 0 0) - 1
#(0 0.0045810454 0 0 0 0) - 1
#(0 0.0052308394 0 0 0 0) - 1
#(0 0.0061405506 0 0 0 0) - 1
#(0 0.0052308394 0 0 0 0) - 1
#(0 0.0064329575 0 0 0 0) - 1
#(0 0.005458267 0 0 0 0) - 1
#(0 0.008837194 0 0 0 0) - 1
#(0 0.01845414 0 0 0 0) - 1
#(0 0.022157965 0 0 0 0) - 1
#(0 0.023912407 0 0 0 0) - 1
#(0 0.021248253 0 0 0 0) - 1
#(0 0.011728776 0 0 0 0) - 1
#(0 0.0077650347 0 0 0 0) - 1
#(0 0.013678157 0 0 0 0) - 1
#(0 0.0052958187 0 0 0 0) - 1
#(0 0.00821989 0 0 0 0) - 1
#(0 0.006043081 0 0 0 0) - 1
#(0 0.015562559 0 0 0 0) - 1
#(0 0.013223302 0 0 0 0) - 1
#(0 0.012573508 0 0 0 0) - 1
#(0 0.008967153 0 0 0 0) - 1
#(0 0.009519477 0 0 0 0) - 1
#(0 0.0051008803 0 0 0 0) - 1
#(0 0.0069203028 0 0 0 0) - 1
#(0 0.008804704 0 0 0 0) - 1
#(0 0.009422009 0 0 0 0) - 1
#(0 0.007147731 0 0 0 0) - 1
#(0 0.15932941 0 0 0 0) - 1
#(0 0.07823516 0 0 0 0) - 1
#(0 0.036485914 0 0 0 0) - 1
#(0 0.034569025 0 0 0 0) - 1
#(0 0.15932941 0 0 0 0) - 1
#(0 0.032457195 0 0 0 0) - 1
#(0 0.010104292 0 0 0 0) - 1
#(0 0.015530069 0 0 0 0) - 1
#(0 0.008089932 0 0 0 0) - 1
#(0 0.008707236 0 0 0 0) - 1
#(0 0.15932941 0 0 0 0) - 1
#(0 0.06900809 0 0 0 0) - 1
#(0 0.06338737 0 0 0 0) - 1
#(0 0.049936645 0 0 0 0) - 1
#(0 0.12466292 0 0 0 0) - 1
#(0 0.014815296 0 0 0 0) - 1
#(0 0.014555379 0 0 0 0) - 1
#(0 0.02368498 0 0 0 0) - 1
#(0 0.014165502 0 0 0 0) - 1
#(0 0.007959973 0 0 0 0) - 1
#(0 0.010006823 0 0 0 0) - 1
#(0 0.15932941 0 0 0 0) - 1
#(0 0.06900809 0 0 0 0) - 1
#(0 0.06338737 0 0 0 0) - 1
#(0 0.049936645 0 0 0 0) - 1
#(0 0.12466292 0 0 0 0) - 1
#(0 0.0142629715 0 0 0 0) - 1
#(0 0.026121706 0 0 0 0) - 1
#(0 0.009616947 0 0 0 0) - 1
#(0 0.013580688 0 0 0 0) - 1
#(0 0.01855161 0 0 0 0) - 1
#(0 0.010136781 0 0 0 0) - 1
#(0 0.028460965 0 0 0 0) - 1
#(0 0.024107346 0 0 0 0) - 1
#(0 0.008707236 0 0 0 0) - 1
#(0 0.007635076 0 0 0 0) - 1
#(0 0.009616947 0 0 0 0) - 1
#(0 0.007310179 0 0 0 0) - 1
#(0 0.009422009 0 0 0 0) - 1
#(0 0.018421652 0 0 0 0) - 1
#(0 0.013580688 0 0 0 0) - 1
#(0 0.0116962865 0 0 0 0) - 1
#(0 0.010234251 0 0 0 0) - 1
#(0 0.015725007 0 0 0 0) - 1
#(0 0.015237662 0 0 0 0) - 1
#(0 0.017674388 0 0 0 0) - 1
#(0 0.012053673 0 0 0 0) - 1
#(0 0.01241106 0 0 0 0) - 1
#(0 0.017284513 0 0 0 0) - 1
#(0 0.025017057 0 0 0 0) - 1
#(0 0.03382176 0 0 0 0) - 1
#(0 0.028071087 0 0 0 0) - 1
#(0 0.026479093 0 0 0 0) - 1
#(0 0.016504759 0 0 0 0) - 1
#(0 0.013158322 0 0 0 0) - 1
#(0 0.012930894 0 0 0 0) - 1
#(0 0.030637773 0 0 0 0) - 1
#(0 0.032359727 0 0 0 0) - 1
#(0 0.012151142 0 0 0 0) - 1
#(0 0.006497937 0 0 0 0) - 1
#(0 0.0061080605 0 0 0 0) - 1
#(0 0.019818708 0 0 0 0) - 1
#(0 0.0144903995 0 0 0 0) - 1
#(0 0.015595049 0 0 0 0) - 1
#(0 0.008577277 0 0 0 0) - 1
#(0 0.028980799 0 0 0 0) - 1
#(0 0.0095519675 0 0 0 0) - 1
#(0 0.003183989 0 0 0 0) - 1
#(0 0.0048084734 0 0 0 0) - 1
#(0 0.023230124 0 0 0 0) - 1
#(0 0.015530069 0 0 0 0) - 1
#(0 0.00935703 0 0 0 0) - 1
#(0 0.0077000554 0 0 0 0) - 1
#(0 0.0059131226 0 0 0 0) - 1
#(0 0.013320771 0 0 0 0) - 1
#(0 0.032782093 0 0 0 0) - 1
#(0 0.008447318 0 0 0 0) - 1
#(0 0.019916177 0 0 0 0) - 1
#(0 0.022352902 0 0 0 0) - 1
#(0 0.009422009 0 0 0 0) - 1
#(0 0.020890867 0 0 0 0) - 1
#(0 0.012508528 0 0 0 0) - 1
#(0 0.0123460805 0 0 0 0) - 1
#(0 0.009811885 0 0 0 0) - 1
#(0 0.01751194 0 0 0 0) - 1
#(0 0.008122421 0 0 0 0) - 1
#(0 0.012086162 0 0 0 0) - 1
#(0 0.0144903995 0 0 0 0) - 1
#(0 0.010884045 0 0 0 0) - 1
#(0 0.020955846 0 0 0 0) - 1
#(0 0.013158322 0 0 0 0) - 1
#(0 0.005978102 0 0 0 0) - 1
#(0 0.0058156536 0 0 0 0) - 1
#(0 0.0045485557 0 0 0 0) - 1
#(0 0.0067578545 0 0 0 0) - 1
#(0 0.011078983 0 0 0 0) - 1
#(0 0.006075571 0 0 0 0) - 1
#(0 0.008642256 0 0 0 0) - 1
#(0 0.0075700963 0 0 0 0) - 1
#(0 0.015660027 0 0 0 0) - 1
#(0 0.013483219 0 0 0 0) - 1
#(0 0.014717828 0 0 0 0) - 1
#(0 0.010169271 0 0 0 0) - 1
#(0 0.014652847 0 0 0 0) - 1
#(0 0.009844375 0 0 0 0) - 1
#(0 0.017836837 0 0 0 0) - 1
#(0 0.01029923 0 0 0 0) - 1
#(0 0.02066344 0 0 0 0) - 1
#(0 0.010429189 0 0 0 0) - 1
#(0 0.0163748 0 0 0 0) - 1
#(0 0.01335326 0 0 0 0) - 1
#(0 0.022028007 0 0 0 0) - 1
#(0 0.006725365 0 0 0 0) - 1
#(0 0.013873096 0 0 0 0) - 1
#(0 0.020241074 0 0 0 0) - 1
#(0 0.014068034 0 0 0 0) - 1
#(0 0.014880275 0 0 0 0) - 1
#(0 0.018161735 0 0 0 0) - 1
#(0 0.013905585 0 0 0 0) - 1
#(0 0.008967153 0 0 0 0) - 1
#(0 0.010104292 0 0 0 0) - 1
#(0 0.013093343 0 0 0 0) - 1
#(0 0.004743494 0 0 0 0) - 1
#(0 0.009064622 0 0 0 0) - 1
#(0 0.007635076 0 0 0 0) - 1
#(0 0.009324539 0 0 0 0) - 1
#(0 0.0077650347 0 0 0 0) - 1
#(0 0.008772215 0 0 0 0) - 1
#(0 0.008447318 0 0 0 0) - 1
#(0 0.006887813 0 0 0 0) - 1
#(0 0.0106241265 0 0 0 0) - 1
#(0 0.012638487 0 0 0 0) - 1
#(0 0.014003054 0 0 0 0) - 1
#(0 0.018389162 0 0 0 0) - 1
#(0 0.0144903995 0 0 0 0) - 1
#(0 0.014165502 0 0 0 0) - 1
#(0 0.0106241265 0 0 0 0) - 1
#(0 0.0084798075 0 0 0 0) - 1
#(0 0.012930894 0 0 0 0) - 1
#(0 0.011566328 0 0 0 0) - 1
#(0 0.011306411 0 0 0 0) - 1
#(0 0.007992462 0 0 0 0) - 1
#(0 0.014717828 0 0 0 0) - 1
#(0 0.00925956 0 0 0 0) - 1
#(0 0.004223659 0 0 0 0) - 1
#(0 0.006400468 0 0 0 0) - 1
#(0 0.0033789272 0 0 0 0) - 1
#(0 0.0052958187 0 0 0 0) - 1
#(0 0.008739725 0 0 0 0) - 1
#(0 0.012508528 0 0 0 0) - 1
#(0 0.013938075 0 0 0 0) - 1
#(0 0.0042886385 0 0 0 0) - 1
#(0 0.0011696287 0 0 0 0) - 1
#(0 0.006497937 0 0 0 0) - 1
#(0 0.0052958187 0 0 0 0) - 1
#(0 0.006985282 0 0 0 0) - 1
#(0 0.009422009 0 0 0 0) - 1
#(0 0.005263329 0 0 0 0) - 1
#(0 0.0043861074 0 0 0 0) - 1
#(0 0.006497937 0 0 0 0) - 1
#(0 0.006822834 0 0 0 0) - 1
#(0 0.0030215406 0 0 0 0) - 1
#(0 0.004256149 0 0 0 0) - 1
#(0 0.0034763962 0 0 0 0) - 1
#(0 0.008739725 0 0 0 0) - 1
#(0 0.014945255 0 0 0 0) - 1
#(0 0.003313948 0 0 0 0) - 1
#(0 0.003411417 0 0 0 0) - 1
#(0 0.0037363137 0 0 0 0) - 1
#(0 0.006790344 0 0 0 0) - 1
#(0 0.00721271 0 0 0 0) - 1
#(0 0.018064264 0 0 0 0) - 1
#(0 0.006367978 0 0 0 0) - 1
#(0 0.0016244842 0 0 0 0) - 1
#(0 0.0070177717 0 0 0 0) - 1
#(0 0.0047759837 0 0 0 0) - 1
#(0 0.0049709217 0 0 0 0) - 1
#(0 0.010851555 0 0 0 0) - 1
#(0 0.0041911695 0 0 0 0) - 1
#(0 0.007505117 0 0 0 0) - 1
#(0 0.009941843 0 0 0 0) - 1
#(0 0.0072776894 0 0 0 0) - 1
#(0 0.008609766 0 0 0 0) - 1
#(0 0.015237662 0 0 0 0) - 1
#(0 0.0055232462 0 0 0 0) - 1
#(0 0.019168913 0 0 0 0) - 1
#(0 0.012541018 0 0 0 0) - 1
#(0 0.002469216 0 0 0 0) - 1
#(0 0.0024042367 0 0 0 0) - 1
#(0 0.019168913 0 0 0 0) - 1
#(0 0.012541018 0 0 0 0) - 1
#(0 0.0038337829 0 0 0 0) - 1
#(0 0.0042886385 0 0 0 0) - 1
#(0 0.0084798075 0 0 0 0) - 1
#(0 0.008349849 0 0 0 0) - 1
#(0 0.014068034 0 0 0 0) - 1
#(0 0.003996231 0 0 0 0) - 1
#(0 0.011988694 0 0 0 0) - 1
#(0 0.010526658 0 0 0 0) - 1
#(0 0.00925956 0 0 0 0) - 1
#(0 0.016992105 0 0 0 0) - 1
#(0 0.00828487 0 0 0 0) - 1
#(0 0.009486988 0 0 0 0) - 1
#(0 0.009324539 0 0 0 0) - 1

Grupo 2
#(0 0 0.010177513 0 0 0) - 2
#(0 0 0.0429699 0 0 0) - 2
#(0 0 0.009145842 0 0 0) - 2
#(0 0 0.004577015 0 0 0) - 2
#(0 0 0.0047407723 0 0 0) - 2
#(0 0 0.0031687028 0 0 0) - 2
#(0 0 0.0033406478 0 0 0) - 2
#(0 0 0.0045115124 0 0 0) - 2
#(0 0 0.006730423 0 0 0) - 2
#(0 0 0.008834704 0 0 0) - 2
#(0 0 0.010120198 0 0 0) - 2
#(0 0 0.011323813 0 0 0) - 2
#(0 0 0.042748827 0 0 0) - 2
#(0 0 0.007753906 0 0 0) - 2
#(0 0 0.008490813 0 0 0) - 2
#(0 0 0.010767039 0 0 0) - 2
#(0 0 0.007491894 0 0 0) - 2
#(0 0 0.0059771393 0 0 0) - 2
#(0 0 0.0052811713 0 0 0) - 2
#(0 0 0.0044787605 0 0 0) - 2
#(0 0 0.00440507 0 0 0) - 2
#(0 0 0.013665542 0 0 0) - 2
#(0 0 0.005944388 0 0 0) - 2
#(0 0 0.005698752 0 0 0) - 2
#(0 0 0.007328137 0 0 0) - 2
#(0 0 0.0063210297 0 0 0) - 2
#(0 0 0.013862051 0 0 0) - 2
#(0 0 0.004814463 0 0 0) - 2
#(0 0 0.004986408 0 0 0) - 2
#(0 0 0.007876724 0 0 0) - 2
#(0 0 0.0053712376 0 0 0) - 2
#(0 0 0.005272983 0 0 0) - 2
#(0 0 0.0065830415 0 0 0) - 2
#(0 0 0.008580879 0 0 0) - 2
#(0 0 0.006255527 0 0 0) - 2
#(0 0 0.006132709 0 0 0) - 2
#(0 0 0.005010972 0 0 0) - 2
#(0 0 0.005101038 0 0 0) - 2
#(0 0 0.0057970067 0 0 0) - 2
#(0 0 0.004527888 0 0 0) - 2
#(0 0 0.00700881 0 0 0) - 2
#(0 0 0.009620738 0 0 0) - 2
#(0 0 0.0099810045 0 0 0) - 2
#(0 0 0.006730423 0 0 0) - 2
#(0 0 0.004462385 0 0 0) - 2
#(0 0 0.0046998328 0 0 0) - 2
#(0 0 0.0034634657 0 0 0) - 2
#(0 0 0.004839027 0 0 0) - 2
#(0 0 0.0015229424 0 0 0) - 2
#(0 0 0.0034962173 0 0 0) - 2
#(0 0 0.004347755 0 0 0) - 2
#(0 0 0.0033979628 0 0 0) - 2
#(0 0 0.004527888 0 0 0) - 2
#(0 0 0.0072953855 0 0 0) - 2
#(0 0 0.007025186 0 0 0) - 2
#(0 0 0.021534078 0 0 0) - 2
#(0 0 0.010914421 0 0 0) - 2
#(0 0 0.0076229 0 0 0) - 2
#(0 0 0.008138735 0 0 0) - 2
#(0 0 0.0074673304 0 0 0) - 2
#(0 0 0.012249042 0 0 0) - 2
#(0 0 0.008499001 0 0 0) - 2
#(0 0 0.008367996 0 0 0) - 2
#(0 0 0.009227721 0 0 0) - 2
#(0 0 0.009170406 0 0 0) - 2
#(0 0 0.009637114 0 0 0) - 2
#(0 0 0.0074100154 0 0 0) - 2
#(0 0 0.0077129663 0 0 0) - 2
#(0 0 0.006599417 0 0 0) - 2
#(0 0 0.009530672 0 0 0) - 2
#(0 0 0.010030132 0 0 0) - 2
#(0 0 0.0068614287 0 0 0) - 2
#(0 0 0.0052975467 0 0 0) - 2
#(0 0 0.0070988764 0 0 0) - 2
#(0 0 0.008531753 0 0 0) - 2
#(0 0 0.007491894 0 0 0) - 2
#(0 0 0.0066403565 0 0 0) - 2
#(0 0 0.013419907 0 0 0) - 2
#(0 0 0.0129122585 0 0 0) - 2
#(0 0 0.0070579373 0 0 0) - 2
#(0 0 0.010586906 0 0 0) - 2
#(0 0 0.018471817 0 0 0) - 2
#(0 0 0.010545966 0 0 0) - 2
#(0 0 0.0048308386 0 0 0) - 2
#(0 0 0.005903449 0 0 0) - 2
#(0 0 0.008097796 0 0 0) - 2
#(0 0 0.0076556513 0 0 0) - 2
#(0 0 0.0068696165 0 0 0) - 2
#(0 0 0.0068041137 0 0 0) - 2
#(0 0 0.006484787 0 0 0) - 2
#(0 0 0.0063374056 0 0 0) - 2
#(0 0 0.004355943 0 0 0) - 2
#(0 0 0.003438902 0 0 0) - 2
#(0 0 0.009587986 0 0 0) - 2
#(0 0 0.0046097664 0 0 0) - 2
#(0 0 0.008065044 0 0 0) - 2
#(0 0 0.009096715 0 0 0) - 2
#(0 0 0.0042658765 0 0 0) - 2
#(0 0 0.004953657 0 0 0) - 2
#(0 0 0.045442637 0 0 0) - 2
#(0 0 0.03339829 0 0 0) - 2
#(0 0 0.005870697 0 0 0) - 2
#(0 0 0.008621819 0 0 0) - 2
#(0 0 0.0037582288 0 0 0) - 2
#(0 0 0.004814463 0 0 0) - 2
#(0 0 0.0057315035 0 0 0) - 2
#(0 0 0.005641437 0 0 0) - 2
#(0 0 0.0070333737 0 0 0) - 2
#(0 0 0.010152949 0 0 0) - 2
#(0 0 0.005756067 0 0 0) - 2
#(0 0 0.008236989 0 0 0) - 2
#(0 0 0.0038974225 0 0 0) - 2
#(0 0 0.0070906887 0 0 0) - 2
#(0 0 0.0058051944 0 0 0) - 2
#(0 0 0.0058625094 0 0 0) - 2
#(0 0 0.005682376 0 0 0) - 2
#(0 0 0.0070906887 0 0 0) - 2
#(0 0 0.04508237 0 0 0) - 2
#(0 0 0.033308223 0 0 0) - 2
#(0 0 0.0031359512 0 0 0) - 2
#(0 0 0.011372941 0 0 0) - 2
#(0 0 0.01417319 0 0 0) - 2
#(0 0 0.011880588 0 0 0) - 2
#(0 0 0.03524056 0 0 0) - 2
#(0 0 0.04902073 0 0 0) - 2
#(0 0 0.040701862 0 0 0) - 2
#(0 0 0.05932106 0 0 0) - 2
#(0 0 0.011856025 0 0 0) - 2
#(0 0 0.026970819 0 0 0) - 2
#(0 0 0.039309926 0 0 0) - 2
#(0 0 0.051190514 0 0 0) - 2
#(0 0 0.010644221 0 0 0) - 2
#(0 0 0.022017162 0 0 0) - 2
#(0 0 0.00988275 0 0 0) - 2
#(0 0 0.022230046 0 0 0) - 2
#(0 0 0.007811221 0 0 0) - 2
#(0 0 0.008949334 0 0 0) - 2
#(0 0 0.00486359 0 0 0) - 2
#(0 0 0.009743556 0 0 0) - 2
#(0 0 0.007876724 0 0 0) - 2
#(0 0 0.0069269314 0 0 0) - 2
#(0 0 0.0073363245 0 0 0) - 2
#(0 0 0.010030132 0 0 0) - 2
#(0 0 0.03524056 0 0 0) - 2
#(0 0 0.04902073 0 0 0) - 2
#(0 0 0.040480793 0 0 0) - 2
#(0 0 0.05932106 0 0 0) - 2
#(0 0 0.0135672875 0 0 0) - 2
#(0 0 0.024940228 0 0 0) - 2
#(0 0 0.04044804 0 0 0) - 2
#(0 0 0.051190514 0 0 0) - 2
#(0 0 0.00853994 0 0 0) - 2
#(0 0 0.010300331 0 0 0) - 2
#(0 0 0.012150788 0 0 0) - 2
#(0 0 0.00677955 0 0 0) - 2
#(0 0 0.008752825 0 0 0) - 2
#(0 0 0.008097796 0 0 0) - 2
#(0 0 0.011618577 0 0 0) - 2
#(0 0 0.011217372 0 0 0) - 2
#(0 0 0.003095012 0 0 0) - 2
#(0 0 0.0048881536 0 0 0) - 2
#(0 0 0.0064602233 0 0 0) - 2
#(0 0 0.005043723 0 0 0) - 2
#(0 0 0.004650706 0 0 0) - 2
#(0 0 0.0032751448 0 0 0) - 2
#(0 0 0.004994596 0 0 0) - 2
#(0 0 0.009874562 0 0 0) - 2
#(0 0 0.006239151 0 0 0) - 2
#(0 0 0.01191334 0 0 0) - 2
#(0 0 0.008531753 0 0 0) - 2
#(0 0 0.006247339 0 0 0) - 2
#(0 0 0.0058051944 0 0 0) - 2
#(0 0 0.0031277635 0 0 0) - 2
#(0 0 0.0051665413 0 0 0) - 2
#(0 0 0.004593391 0 0 0) - 2
#(0 0 0.006714047 0 0 0) - 2
#(0 0 0.009604363 0 0 0) - 2
#(0 0 0.0061572725 0 0 0) - 2
#(0 0 0.0057888185 0 0 0) - 2
#(0 0 0.009211345 0 0 0) - 2
#(0 0 0.008138735 0 0 0) - 2
#(0 0 0.007442767 0 0 0) - 2
#(0 0 0.004642518 0 0 0) - 2
#(0 0 0.002792061 0 0 0) - 2
#(0 0 0.0039137984 0 0 0) - 2
#(0 0 0.0066239806 0 0 0) - 2
#(0 0 0.0065748533 0 0 0) - 2
#(0 0 0.010423149 0 0 0) - 2
#(0 0 0.0105214035 0 0 0) - 2
#(0 0 0.009735368 0 0 0) - 2
#(0 0 0.009456981 0 0 0) - 2
#(0 0 0.0055595585 0 0 0) - 2
#(0 0 0.009465169 0 0 0) - 2
#(0 0 0.0033488357 0 0 0) - 2
#(0 0 0.007025186 0 0 0) - 2
#(0 0 0.007811221 0 0 0) - 2
#(0 0 0.008286117 0 0 0) - 2
#(0 0 0.008892018 0 0 0) - 2
#(0 0 0.007917663 0 0 0) - 2
#(0 0 0.00628009 0 0 0) - 2
#(0 0 0.00628009 0 0 0) - 2
#(0 0 0.003389775 0 0 0) - 2
#(0 0 0.004593391 0 0 0) - 2
#(0 0 0.009072151 0 0 0) - 2
#(0 0 0.006648544 0 0 0) - 2
#(0 0 0.0075082695 0 0 0) - 2
#(0 0 0.0060344543 0 0 0) - 2
#(0 0 0.0066976715 0 0 0) - 2
#(0 0 0.00344709 0 0 0) - 2
