
Grupo 0
#(0.094339624 0 0 0 0 0) - 0
#(0 0 0 0 0 0) - 0
#(0 0 0 0 0 0) - 0
#(0 0 0 0 0 0) - 0
#(0 0 0 0 0 0) - 0
#(0 0 0 0 0 0) - 0
#(0.094339624 0 0 0 0 0) - 0
#(0.094339624 0 0 0 0 0) - 0
#(0 0 0 0 0 0) - 0
#(0 0 0 0 0 0) - 0
#(0 0 0 0 0 0) - 0
#(0 0 0 0 0 0) - 0
#(0 0 0 0 0 0) - 0
#(0 0 0 0 0 0) - 0
#(0 0 0 0 0 0) - 0
#(0 0 0 0 0 0) - 0
#(0 0 0 0 0 0) - 0
#(0.4528302 0 0 0 0 0) - 0
#(0.5283019 0 0 0 0 0) - 0
#(0.4528302 0 0 0 0 0) - 0
#(0.5283019 0 0 0 0 0) - 0
#(0.3962264 0 0 0 0 0) - 0
#(0.3018868 0 0 0 0 0) - 0
#(0.3962264 0 0 0 0 0) - 0
#(0.3018868 0 0 0 0 0) - 0
#(0.3962264 0 0 0 0 0) - 0
#(0.4528302 0 0 0 0 0) - 0
#(0.5283019 0 0 0 0 0) - 0
#(0.4528302 0 0 0 0 0) - 0
#(0.33962265 0 0 0 0 0) - 0
#(0.4528302 0 0 0 0 0) - 0
#(0.33962265 0 0 0 0 0) - 0
#(0.5471698 0 0 0 0 0) - 0
#(0.43396226 0 0 0 0 0) - 0
#(0.28301886 0 0 0 0 0) - 0
#(0.20754717 0 0 0 0 0) - 0
#(0.2264151 0 0 0 0 0) - 0
#(0.20754717 0 0 0 0 0) - 0
#(0.20754717 0 0 0 0 0) - 0
#(0.18867925 0 0 0 0 0) - 0
#(0.16981132 0 0 0 0 0) - 0
#(0.1509434 0 0 0 0 0) - 0
#(0.1509434 0 0 0 0 0) - 0
#(0.18867925 0 0 0 0 0) - 0
#(0.1509434 0 0 0 0 0) - 0
#(0.20754717 0 0 0 0 0) - 0
#(0.18867925 0 0 0 0 0) - 0
#(0.18867925 0 0 0 0 0) - 0
#(0.18867925 0 0 0 0 0) - 0
#(0.16981132 0 0 0 0 0) - 0
#(0.1509434 0 0 0 0 0) - 0
#(0.094339624 0 0 0 0 0) - 0
#(0 0 0 0 0 0) - 0
#(0.018867925 0 0 0 0 0) - 0
#(0 0 0 0 0 0) - 0
#(0 0 0 0 0 0) - 0
#(0 0 0 0 0 0) - 0
#(0 0 0 0 0 0) - 0
#(0.3207547 0 0 0 0 0) - 0
#(0.3207547 0 0 0 0 0) - 0
#(0.2264151 0 0 0 0 0) - 0
#(0.26415095 0 0 0 0 0) - 0
#(0.3207547 0 0 0 0 0) - 0
#(0.3207547 0 0 0 0 0) - 0
#(0.20754717 0 0 0 0 0) - 0
#(0.3207547 0 0 0 0 0) - 0
#(0.28301886 0 0 0 0 0) - 0
#(0.28301886 0 0 0 0 0) - 0
#(0.3207547 0 0 0 0 0) - 0
#(0.3207547 0 0 0 0 0) - 0
#(0.3018868 0 0 0 0 0) - 0
#(0.3018868 0 0 0 0 0) - 0
#(0.3207547 0 0 0 0 0) - 0
#(0.3018868 0 0 0 0 0) - 0
#(0.3018868 0 0 0 0 0) - 0
#(0.24528302 0 0 0 0 0) - 0
#(0.20754717 0 0 0 0 0) - 0
#(0.3207547 0 0 0 0 0) - 0
#(0.26415095 0 0 0 0 0) - 0
#(0.2264151 0 0 0 0 0) - 0
#(0.26415095 0 0 0 0 0) - 0
#(0.3207547 0 0 0 0 0) - 0
#(0.26415095 0 0 0 0 0) - 0
#(0.2264151 0 0 0 0 0) - 0
#(0.3018868 0 0 0 0 0) - 0
#(0.24528302 0 0 0 0 0) - 0
#(0 0 0 0 0 0) - 0
#(0.018867925 0 0 0 0 0) - 0
#(0 0 0 0 0 0) - 0
#(0 0 0 0 0 0) - 0
#(0.094339624 0 0 0 0 0) - 0
#(0.094339624 0 0 0 0 0) - 0
#(0 0 0 0 0 0) - 0
#(0 0 0 0 0 0) - 0
#(0 0 0 0 0 0) - 0
#(0 0 0 0 0 0) - 0
#(0 0 0 0 0 0) - 0
#(0 0 0 0 0 0) - 0
#(0 0 0 0 0 0) - 0
#(0.094339624 0 0 0 0 0) - 0
#(0 0 0 0 0 0) - 0
#(0.094339624 0 0 0 0 0) - 0
#(0.018867925 0 0 0 0 0) - 0
#(0 0 0 0 0 0) - 0
#(0.018867925 0 0 0 0 0) - 0
#(0 0 0 0 0 0) - 0
#(0.03773585 0 0 0 0 0) - 0
#(0.11320755 0 0 0 0 0) - 0
#(0.03773585 0 0 0 0 0) - 0
#(0.018867925 0 0 0 0 0) - 0
#(0 0 0 0 0 0) - 0
#(0.018867925 0 0 0 0 0) - 0
#(0.018867925 0 0 0 0 0) - 0
#(0.018867925 0 0 0 0 0) - 0
#(0.018867925 0 0 0 0 0) - 0
#(0 0 0 0 0 0) - 0
#(0.018867925 0 0 0 0 0) - 0
#(0.03773585 0 0 0 0 0) - 0
#(0.11320755 0 0 0 0 0) - 0
#(0.03773585 0 0 0 0 0) - 0
#(0.018867925 0 0 0 0 0) - 0
#(0 0 0 0 0 0) - 0
#(0.018867925 0 0 0 0 0) - 0
#(0 0 0 0 0 0) - 0
#(0.018867925 0 0 0 0 0) - 0
#(0.018867925 0 0 0 0 0) - 0
#(0.018867925 0 0 0 0 0) - 0
#(0 0 0 0 0 0) - 0
#(0 0 0 0 0 0) - 0
#(0 0 0 0 0 0) - 0
#(0 0 0 0 0 0) - 0
#(0.018867925 0 0 0 0 0) - 0
#(0 0 0 0 0 0) - 0
#(0 0 0 0 0 0) - 0
#(0 0 0 0 0 0) - 0
#(0 0 0 0 0 0) - 0
#(0 0 0 0 0 0) - 0
#(0 0 0 0 0 0) - 0
#(0 0 0 0 0 0) - 0
#(0 0 0 0 0 0) - 0
#(0 0 0 0 0 0) - 0
#(0 0 0 0 0 0) - 0
#(0 0 0 0 0 0) - 0
#(0 0 0 0 0 0) - 0
#(0 0 0 0 0 0) - 0
#(0 0 0 0 0 0) - 0
#(0.018867925 0 0 0 0 0) - 0
#(0 0 0 0 0 0) - 0
#(0 0 0 0 0 0) - 0
#(0.018867925 0 0 0 0 0) - 0
#(0 0 0 0 0 0) - 0
#(0.018867925 0 0 0 0 0) - 0
#(0 0 0 0 0 0) - 0
#(0 0 0 0 0 0) - 0
#(0 0 0 0 0 0) - 0
#(0.018867925 0 0 0 0 0) - 0
#(0 0 0 0 0 0) - 0
#(0.018867925 0 0 0 0 0) - 0
#(0.018867925 0 0 0 0 0) - 0
#(0.018867925 0 0 0 0 0) - 0
#(0.018867925 0 0 0 0 0) - 0
#(0.018867925 0 0 0 0 0) - 0
#(0.018867925 0 0 0 0 0) - 0
#(0 0 0 0 0 0) - 0
#(0.018867925 0 0 0 0 0) - 0
#(0.018867925 0 0 0 0 0) - 0
#(0.018867925 0 0 0 0 0) - 0
#(0.018867925 0 0 0 0 0) - 0
#(0 0 0 0 0 0) - 0
#(0 0 0 0 0 0) - 0
#(0 0 0 0 0 0) - 0
#(0.018867925 0 0 0 0 0) - 0
#(0.018867925 0 0 0 0 0) - 0
#(0.018867925 0 0 0 0 0) - 0
#(0 0 0 0 0 0) - 0
#(0 0 0 0 0 0) - 0
#(0 0 0 0 0 0) - 0
#(0 0 0 0 0 0) - 0
#(0.018867925 0 0 0 0 0) - 0
#(0 0 0 0 0 0) - 0
#(0 0 0 0 0 0) - 0
#(0 0 0 0 0 0) - 0
#(0 0 0 0 0 0) - 0
#(0 0 0 0 0 0) - 0
#(0 0 0 0 0 0) - 0
#(0 0 0 0 0 0) - 0
#(0 0 0 0 0 0) - 0
#(0 0 0 0 0 0) - 0
#(0 0 0 0 0 0) - 0
#(0 0 0 0 0 0) - 0
#(0 0 0 0 0 0) - 0
#(0.018867925 0 0 0 0 0) - 0
#(0.49056605 0 0 0 0 0) - 0
#(0.35849056 0 0 0 0 0) - 0
#(0.5660377 0 0 0 0 0) - 0
#(0.49056605 0 0 0 0 0) - 0
#(0.35849056 0 0 0 0 0) - 0
#(0.5660377 0 0 0 0 0) - 0
#(0.4528302 0 0 0 0 0) - 0
#(0.5283019 0 0 0 0 0) - 0
#(0.4528302 0 0 0 0 0) - 0
#(0.5283019 0 0 0 0 0) - 0
#(0.35849056 0 0 0 0 0) - 0
#(0.35849056 0 0 0 0 0) - 0
#(0.5660377 0 0 0 0 0) - 0
#(0.35849056 0 0 0 0 0) - 0
#(0.5849057 0 0 0 0 0) - 0
#(0.35849056 0 0 0 0 0) - 0
#(0.43396226 0 0 0 0 0) - 0
#(0.43396226 0 0 0 0 0) - 0
#(0.3207547 0 0 0 0 0) - 0
#(0.4716981 0 0 0 0 0) - 0
#(0.41509435 0 0 0 0 0) - 0
#(0.18867925 0 0 0 0 0) - 0
#(0.20754717 0 0 0 0 0) - 0
#(0.16981132 0 0 0 0 0) - 0
#(0.2264151 0 0 0 0 0) - 0
#(0.20754717 0 0 0 0 0) - 0
#(0.20754717 0 0 0 0 0) - 0
#(0.20754717 0 0 0 0 0) - 0
#(0.20754717 0 0 0 0 0) - 0
#(0.20754717 0 0 0 0 0) - 0
#(0.1509434 0 0 0 0 0) - 0
#(0.20754717 0 0 0 0 0) - 0
#(0.20754717 0 0 0 0 0) - 0
#(0.20754717 0 0 0 0 0) - 0
#(0.16981132 0 0 0 0 0) - 0
#(0.13207547 0 0 0 0 0) - 0
#(0.20754717 0 0 0 0 0) - 0
#(0.16981132 0 0 0 0 0) - 0
#(0.16981132 0 0 0 0 0) - 0
#(0.18867925 0 0 0 0 0) - 0
#(0.13207547 0 0 0 0 0) - 0
#(0.16981132 0 0 0 0 0) - 0
#(0.0754717 0 0 0 0 0) - 0
#(0.0754717 0 0 0 0 0) - 0
#(0.0754717 0 0 0 0 0) - 0
#(0.056603774 0 0 0 0 0) - 0
#(0.018867925 0 0 0 0 0) - 0
#(0.018867925 0 0 0 0 0) - 0
#(0.03773585 0 0 0 0 0) - 0
#(0.03773585 0 0 0 0 0) - 0
#(0.0754717 0 0 0 0 0) - 0
#(0.0754717 0 0 0 0 0) - 0
#(0.0754717 0 0 0 0 0) - 0
#(0.056603774 0 0 0 0 0) - 0
#(0.0754717 0 0 0 0 0) - 0
#(0.0754717 0 0 0 0 0) - 0
#(0.094339624 0 0 0 0 0) - 0
#(0.0754717 0 0 0 0 0) - 0
#(0.018867925 0 0 0 0 0) - 0
#(0.0754717 0 0 0 0 0) - 0
#(0.0754717 0 0 0 0 0) - 0
#(0.0754717 0 0 0 0 0) - 0
#(0.03773585 0 0 0 0 0) - 0
#(0 0 0 0 0 0) - 0
#(0.056603774 0 0 0 0 0) - 0
#(0.0754717 0 0 0 0 0) - 0
#(0.0754717 0 0 0 0 0) - 0
#(0.056603774 0 0 0 0 0) - 0
#(0.0754717 0 0 0 0 0) - 0
#(0.0754717 0 0 0 0 0) - 0
#(0.094339624 0 0 0 0 0) - 0
#(0.0754717 0 0 0 0 0) - 0
#(0.056603774 0 0 0 0 0) - 0
#(0.0754717 0 0 0 0 0) - 0
#(0.018867925 0 0 0 0 0) - 0
#(0.018867925 0 0 0 0 0) - 0
#(0.018867925 0 0 0 0 0) - 0
#(0.0754717 0 0 0 0 0) - 0
#(0.056603774 0 0 0 0 0) - 0
#(0.094339624 0 0 0 0 0) - 0
#(0.094339624 0 0 0 0 0) - 0
#(0.018867925 0 0 0 0 0) - 0
#(0.094339624 0 0 0 0 0) - 0
#(0.018867925 0 0 0 0 0) - 0
#(0.056603774 0 0 0 0 0) - 0
#(0.0754717 0 0 0 0 0) - 0
#(0.094339624 0 0 0 0 0) - 0
#(0.056603774 0 0 0 0 0) - 0
#(0.0754717 0 0 0 0 0) - 0

Grupo 1
#(0 0 0 0 0 0) - 0
#(0 0 0 0 0 0) - 0
#(0 0 0 0 0 0) - 0
#(0 0 0 0 0 0) - 0
#(0 0 0 0 0 0) - 0
#(0 0 0 0 0 0) - 0
#(0 0 0 0 0 0) - 0
#(0 0 0 0 0 0) - 0
#(0 0 0 0 0 0) - 0
#(0 0 0 0 0 0) - 0
#(0 0 0 0 0 0) - 0
#(0 0 0 0 0 0) - 0
#(0 0 0 0 0 0) - 0
#(0 0 0 0 0 0) - 0
#(0 0 0 0 0 0) - 0
#(0 0 0 0 0 0) - 0
#(0 0 0 0 0 0) - 0
#(0 0 0 0 0 0) - 0
#(0 0 0 0 0 0) - 0
#(0 0 0 0 0 0) - 0
#(0 0 0 0 0 0) - 0
#(0 0 0 0 0 0) - 0
#(0 0 0 0 0 0) - 0
#(0 0 0 0 0 0) - 0
#(0 0 0 0 0 0) - 0
#(0 0 0 0 0 0) - 0
#(0 0 0 0 0 0) - 0
#(0 0 0 0 0 0) - 0
#(0 0 0 0 0 0) - 0
#(0 0 0 0 0 0) - 0
#(0 0 0 0 0 0) - 0
#(0 0 0 0 0 0) - 0
#(0 0 0 0 0 0) - 0
#(0 0 0 0 0 0) - 0
#(0 0 0 0 0 0) - 0
#(0 0 0 0 0 0) - 0
#(0 0 0 0 0 0) - 0
#(0 0 0 0 0 0) - 0
#(0 0 0 0 0 0) - 0
#(0 0 0 0 0 0) - 0
#(0 0 0 0 0 0) - 0
#(0 0 0 0 0 0) - 0
#(0 0 0 0 0 0) - 0
#(0 0 0 0 0 0) - 0
#(0 0 0 0 0 0) - 0
#(0 0 0 0 0 0) - 0
#(0 0 0 0 0 0) - 0
#(0 0 0 0 0 0) - 0
#(0 0 0 0 0 0) - 0
#(0 0 0 0 0 0) - 0
#(0 0 0 0 0 0) - 0
#(0 0.21875 0 0 0 0) - 1
#(0 0.21875 0 0 0 0) - 1
#(0 0.0625 0 0 0 0) - 1
#(0 0.0625 0 0 0 0) - 1
#(0 0.21875 0 0 0 0) - 1
#(0 0.1875 0 0 0 0) - 1
#(0 0.0625 0 0 0 0) - 1
#(0 0.0625 0 0 0 0) - 1
#(0 0.0625 0 0 0 0) - 1
#(0 0.0625 0 0 0 0) - 1
#(0 0.21875 0 0 0 0) - 1
#(0 0.21875 0 0 0 0) - 1
#(0 0.0625 0 0 0 0) - 1
#(0 0.21875 0 0 0 0) - 1
#(0 0.21875 0 0 0 0) - 1
#(0 0.0625 0 0 0 0) - 1
#(0 0.1875 0 0 0 0) - 1
#(0 0.0625 0 0 0 0) - 1
#(0 0.0625 0 0 0 0) - 1
#(0 0.03125 0 0 0 0) - 1
#(0 0.03125 0 0 0 0) - 1
#(0 0.21875 0 0 0 0) - 1
#(0 0.21875 0 0 0 0) - 1
#(0 0.0625 0 0 0 0) - 1
#(0 0.21875 0 0 0 0) - 1
#(0 0.21875 0 0 0 0) - 1
#(0 0.21875 0 0 0 0) - 1
#(0 0.65625 0 0 0 0) - 1
#(0 0.375 0 0 0 0) - 1
#(0 0.53125 0 0 0 0) - 1
#(0 0.5625 0 0 0 0) - 1
#(0 0.40625 0 0 0 0) - 1
#(0 0.5625 0 0 0 0) - 1
#(0 0.46875 0 0 0 0) - 1
#(0 0.28125 0 0 0 0) - 1
#(0 0.3125 0 0 0 0) - 1
#(0 0.3125 0 0 0 0) - 1
#(0 0.21875 0 0 0 0) - 1
#(0 0.46875 0 0 0 0) - 1
#(0 0.5 0 0 0 0) - 1
#(0 0.4375 0 0 0 0) - 1
#(0 0.40625 0 0 0 0) - 1
#(0 0.5 0 0 0 0) - 1
#(0 0.375 0 0 0 0) - 1
#(0 0.375 0 0 0 0) - 1
#(0 0.5 0 0 0 0) - 1
#(0 0.46875 0 0 0 0) - 1
#(0 0.46875 0 0 0 0) - 1
#(0 0.53125 0 0 0 0) - 1
#(0 0.875 0 0 0 0) - 1
#(0 0.875 0 0 0 0) - 1
#(0 0.84375 0 0 0 0) - 1
#(0 0.65625 0 0 0 0) - 1
#(0 0.375 0 0 0 0) - 1
#(0 0.40625 0 0 0 0) - 1
#(0 0.53125 0 0 0 0) - 1
#(0 0.8125 0 0 0 0) - 1
#(0 0.84375 0 0 0 0) - 1
#(0 0.21875 0 0 0 0) - 1
#(0 0.4375 0 0 0 0) - 1
#(0 0.21875 0 0 0 0) - 1
#(0 0.6875 0 0 0 0) - 1
#(0 0.65625 0 0 0 0) - 1
#(0 0.71875 0 0 0 0) - 1
#(0 0.5625 0 0 0 0) - 1
#(0 0.71875 0 0 0 0) - 1
#(0 0.46875 0 0 0 0) - 1
#(0 0.15625 0 0 0 0) - 1
#(0 0.25 0 0 0 0) - 1
#(0 0.84375 0 0 0 0) - 1
#(0 0.40625 0 0 0 0) - 1
#(0 0.21875 0 0 0 0) - 1
#(0 0.25 0 0 0 0) - 1
#(0 0.125 0 0 0 0) - 1
#(0 0.65625 0 0 0 0) - 1
#(0 0.71875 0 0 0 0) - 1
#(0 0.21875 0 0 0 0) - 1
#(0 0.25 0 0 0 0) - 1
#(0 0.03125 0 0 0 0) - 1
#(0 0.03125 0 0 0 0) - 1
#(0 0.03125 0 0 0 0) - 1
#(0 0.03125 0 0 0 0) - 1
#(0 0.03125 0 0 0 0) - 1
#(0 0.03125 0 0 0 0) - 1
#(0 0.03125 0 0 0 0) - 1
#(0 0.03125 0 0 0 0) - 1
#(0 0.03125 0 0 0 0) - 1
#(0 0.1875 0 0 0 0) - 1
#(0 0.03125 0 0 0 0) - 1
#(0 0.1875 0 0 0 0) - 1
#(0 0.1875 0 0 0 0) - 1
#(0 0.03125 0 0 0 0) - 1
#(0 0.03125 0 0 0 0) - 1
#(0 0.03125 0 0 0 0) - 1
#(0 0.03125 0 0 0 0) - 1
#(0 0.03125 0 0 0 0) - 1
#(0 0.03125 0 0 0 0) - 1
#(0 0.03125 0 0 0 0) - 1
#(0 0.03125 0 0 0 0) - 1
#(0 0.03125 0 0 0 0) - 1
#(0 0.03125 0 0 0 0) - 1
#(0 0.03125 0 0 0 0) - 1
#(0 0.03125 0 0 0 0) - 1
#(0 0.03125 0 0 0 0) - 1
#(0 0 0 0 0 0) - 0
#(0 0 0 0 0 0) - 0
#(0 0 0 0 0 0) - 0
#(0 0 0 0 0 0) - 0
#(0 0 0 0 0 0) - 0
#(0 0.03125 0 0 0 0) - 1
#(0 0 0 0 0 0) - 0
#(0 0 0 0 0 0) - 0
#(0 0 0 0 0 0) - 0
#(0 0.03125 0 0 0 0) - 1
#(0 0.15625 0 0 0 0) - 1
#(0 0 0 0 0 0) - 0
#(0 0.03125 0 0 0 0) - 1
#(0 0.03125 0 0 0 0) - 1
#(0 0.03125 0 0 0 0) - 1
#(0 0 0 0 0 0) - 0
#(0 0 0 0 0 0) - 0
#(0 0.15625 0 0 0 0) - 1
#(0 0 0 0 0 0) - 0
#(0 0 0 0 0 0) - 0
#(0 0 0 0 0 0) - 0
#(0 0 0 0 0 0) - 0
#(0 0 0 0 0 0) - 0
#(0 0 0 0 0 0) - 0
#(0 0.09375 0 0 0 0) - 1
#(0 0 0 0 0 0) - 0
#(0 0.15625 0 0 0 0) - 1
#(0 0 0 0 0 0) - 0
#(0 0 0 0 0 0) - 0
#(0 0 0 0 0 0) - 0
#(0 0 0 0 0 0) - 0
#(0 0.15625 0 0 0 0) - 1
#(0 0.15625 0 0 0 0) - 1
#(0 0.15625 0 0 0 0) - 1
#(0 0.03125 0 0 0 0) - 1
#(0 0.03125 0 0 0 0) - 1
#(0 0.03125 0 0 0 0) - 1
#(0 0.03125 0 0 0 0) - 1
#(0 0.03125 0 0 0 0) - 1
#(0 0.03125 0 0 0 0) - 1
#(0 0.03125 0 0 0 0) - 1
#(0 0.03125 0 0 0 0) - 1
#(0 0.03125 0 0 0 0) - 1
#(0 0.03125 0 0 0 0) - 1
#(0 0 0 0 0 0) - 0
#(0 0 0 0 0 0) - 0
#(0 0 0 0 0 0) - 0
#(0 0 0 0 0 0) - 0
#(0 0 0 0 0 0) - 0
#(0 0 0 0 0 0) - 0
#(0 0 0 0 0 0) - 0
#(0 0 0 0 0 0) - 0
#(0 0 0 0 0 0) - 0
#(0 0 0 0 0 0) - 0
#(0 0 0 0 0 0) - 0
#(0 0.03125 0 0 0 0) - 1
#(0 0.03125 0 0 0 0) - 1
#(0 0.03125 0 0 0 0) - 1
#(0 0.03125 0 0 0 0) - 1
#(0 0 0 0 0 0) - 0
#(0 0.03125 0 0 0 0) - 1
#(0 0.03125 0 0 0 0) - 1
#(0 0.03125 0 0 0 0) - 1
#(0 0.03125 0 0 0 0) - 1
#(0 0.03125 0 0 0 0) - 1
#(0 0.03125 0 0 0 0) - 1
#(0 0.03125 0 0 0 0) - 1
#(0 0.03125 0 0 0 0) - 1
#(0 0.03125 0 0 0 0) - 1
#(0 0.03125 0 0 0 0) - 1
#(0 0.03125 0 0 0 0) - 1
#(0 0.03125 0 0 0 0) - 1
#(0 0.03125 0 0 0 0) - 1
#(0 0 0 0 0 0) - 0
#(0 0 0 0 0 0) - 0
#(0 0 0 0 0 0) - 0
#(0 0.03125 0 0 0 0) - 1
#(0 0.03125 0 0 0 0) - 1
#(0 0.03125 0 0 0 0) - 1
#(0 0.03125 0 0 0 0) - 1
#(0 0.03125 0 0 0 0) - 1
#(0 0 0 0 0 0) - 0
#(0 0 0 0 0 0) - 0
#(0 0 0 0 0 0) - 0
#(0 0 0 0 0 0) - 0
#(0 0 0 0 0 0) - 0
#(0 0 0 0 0 0) - 0
#(0 0 0 0 0 0) - 0
#(0 0 0 0 0 0) - 0
#(0 0 0 0 0 0) - 0
#(0 0 0 0 0 0) - 0
#(0 0 0 0 0 0) - 0
#(0 0 0 0 0 0) - 0
#(0 0 0 0 0 0) - 0
#(0 0 0 0 0 0) - 0
#(0 0 0 0 0 0) - 0
#(0 0 0 0 0 0) - 0
#(0 0 0 0 0 0) - 0
#(0 0 0 0 0 0) - 0
#(0 0 0 0 0 0) - 0

Grupo 2
#(0 0 0 0 0 0) - 0
#(0 0 0 0 0 0) - 0
#(0 0 0 0 0 0) - 0
#(0 0 0 0 0 0) - 0
#(0 0 0 0 0 0) - 0
#(0 0 0 0 0 0) - 0
#(0 0 0 0 0 0) - 0
#(0 0 0 0 0 0) - 0
#(0 0 0 0 0 0) - 0
#(0 0 0 0 0 0) - 0
#(0 0 0 0 0 0) - 0
#(0 0 0 0 0 0) - 0
#(0 0 0 0 0 0) - 0
#(0 0 0 0 0 0) - 0
#(0 0 0 0 0 0) - 0
#(0 0 0 0 0 0) - 0
#(0 0 0 0 0 0) - 0
#(0 0 0 0 0 0) - 0
#(0 0 0 0 0 0) - 0
#(0 0 0 0 0 0) - 0
#(0 0 0 0 0 0) - 0
#(0 0 0 0 0 0) - 0
#(0 0 0 0 0 0) - 0
#(0 0 0 0 0 0) - 0
#(0 0 0 0 0 0) - 0
#(0 0 0 0 0 0) - 0
#(0 0 0 0 0 0) - 0
#(0 0 0 0 0 0) - 0
#(0 0 0 0 0 0) - 0
#(0 0 0 0 0 0) - 0
#(0 0 0 0 0 0) - 0
#(0 0 0 0 0 0) - 0
#(0 0 0 0 0 0) - 0
#(0 0 0 0 0 0) - 0
#(0 0 0 0 0 0) - 0
#(0 0 0 0 0 0) - 0
#(0 0 0.05882353 0 0 0) - 2
#(0 0 0.05882353 0 0 0) - 2
#(0 0 0 0 0 0) - 0
#(0 0 0 0 0 0) - 0
#(0 0 0 0 0 0) - 0
#(0 0 0 0 0 0) - 0
#(0 0 0 0 0 0) - 0
#(0 0 0 0 0 0) - 0
#(0 0 0 0 0 0) - 0
#(0 0 0 0 0 0) - 0
#(0 0 0 0 0 0) - 0
#(0 0 0 0 0 0) - 0
#(0 0 0 0 0 0) - 0
#(0 0 0 0 0 0) - 0
#(0 0 0 0 0 0) - 0
#(0 0 0 0 0 0) - 0
#(0 0 0 0 0 0) - 0
#(0 0 0.7647059 0 0 0) - 2
#(0 0 0.7058824 0 0 0) - 2
#(0 0 0.7647059 0 0 0) - 2
#(0 0 0.7058824 0 0 0) - 2
#(0 0 0.64705884 0 0 0) - 2
#(0 0 0.7647059 0 0 0) - 2
#(0 0 0.7058824 0 0 0) - 2
#(0 0 0.64705884 0 0 0) - 2
#(0 0 0.7647059 0 0 0) - 2
#(0 0 0.47058824 0 0 0) - 2
#(0 0 0.64705884 0 0 0) - 2
#(0 0 0.5294118 0 0 0) - 2
#(0 0 0.5882353 0 0 0) - 2
#(0 0 0.5882353 0 0 0) - 2
#(0 0 0.7647059 0 0 0) - 2
#(0 0 0.4117647 0 0 0) - 2
#(0 0 0.64705884 0 0 0) - 2
#(0 0 0.5882353 0 0 0) - 2
#(0 0 0.4117647 0 0 0) - 2
#(0 0 0 0 0 0) - 0
#(0 0 0 0 0 0) - 0
#(0 0 0 0 0 0) - 0
#(0 0 0.47058824 0 0 0) - 2
#(0 0 0.4117647 0 0 0) - 2
#(0 0 0.4117647 0 0 0) - 2
#(0 0 0.3529412 0 0 0) - 2
#(0 0 0.47058824 0 0 0) - 2
#(0 0 0.5882353 0 0 0) - 2
#(0 0 0.7647059 0 0 0) - 2
#(0 0 0.7058824 0 0 0) - 2
#(0 0 0.64705884 0 0 0) - 2
#(0 0 0.8235294 0 0 0) - 2
#(0 0 0.64705884 0 0 0) - 2
#(0 0 0.7058824 0 0 0) - 2
#(0 0 0.5882353 0 0 0) - 2
#(0 0 0.64705884 0 0 0) - 2
#(0 0 0.29411766 0 0 0) - 2
#(0 0 0.5294118 0 0 0) - 2
#(0 0 0.23529412 0 0 0) - 2
#(0 0 0 0 0 0) - 0
#(0 0 0 0 0 0) - 0
#(0 0 0 0 0 0) - 0
#(0 0 0 0 0 0) - 0
#(0 0 0 0 0 0) - 0
#(0 0 0 0 0 0) - 0
#(0 0 0 0 0 0) - 0
#(0 0 0 0 0 0) - 0
#(0 0 0 0 0 0) - 0
#(0 0 0 0 0 0) - 0
#(0 0 0 0 0 0) - 0
#(0 0 0 0 0 0) - 0
#(0 0 0 0 0 0) - 0
#(0 0 0 0 0 0) - 0
#(0 0 0 0 0 0) - 0
#(0 0 0 0 0 0) - 0
#(0 0 0 0 0 0) - 0
#(0 0 0 0 0 0) - 0
#(0 0 0 0 0 0) - 0
#(0 0 0 0 0 0) - 0
#(0 0 0 0 0 0) - 0
#(0 0 0 0 0 0) - 0
#(0 0 0 0 0 0) - 0
#(0 0 0 0 0 0) - 0
#(0 0 0 0 0 0) - 0
#(0 0 0 0 0 0) - 0
#(0 0 0 0 0 0) - 0
#(0 0 0 0 0 0) - 0
#(0 0 0.05882353 0 0 0) - 2
#(0 0 0.05882353 0 0 0) - 2
#(0 0 0.05882353 0 0 0) - 2
#(0 0 0.05882353 0 0 0) - 2
#(0 0 0.05882353 0 0 0) - 2
#(0 0 0.05882353 0 0 0) - 2
#(0 0 0.05882353 0 0 0) - 2
#(0 0 0.05882353 0 0 0) - 2
#(0 0 0.05882353 0 0 0) - 2
#(0 0 0.05882353 0 0 0) - 2
#(0 0 0.05882353 0 0 0) - 2
#(0 0 0.05882353 0 0 0) - 2
#(0 0 0.05882353 0 0 0) - 2
#(0 0 0.05882353 0 0 0) - 2
#(0 0 0.05882353 0 0 0) - 2
#(0 0 0 0 0 0) - 0
#(0 0 0 0 0 0) - 0
#(0 0 0.05882353 0 0 0) - 2
#(0 0 0 0 0 0) - 0
#(0 0 0 0 0 0) - 0
#(0 0 0 0 0 0) - 0
#(0 0 0.05882353 0 0 0) - 2
#(0 0 0.05882353 0 0 0) - 2
#(0 0 0.05882353 0 0 0) - 2
#(0 0 0.05882353 0 0 0) - 2
#(0 0 0.05882353 0 0 0) - 2
#(0 0 0.05882353 0 0 0) - 2
#(0 0 0.05882353 0 0 0) - 2
#(0 0 0.05882353 0 0 0) - 2
#(0 0 0.05882353 0 0 0) - 2
#(0 0 0.05882353 0 0 0) - 2
#(0 0 0.05882353 0 0 0) - 2
#(0 0 0.11764706 0 0 0) - 2
#(0 0 0.11764706 0 0 0) - 2
#(0 0 0.11764706 0 0 0) - 2
#(0 0 0.11764706 0 0 0) - 2
#(0 0 0.11764706 0 0 0) - 2
#(0 0 0.11764706 0 0 0) - 2
#(0 0 0.11764706 0 0 0) - 2
#(0 0 0.11764706 0 0 0) - 2
#(0 0 0.11764706 0 0 0) - 2
#(0 0 0.11764706 0 0 0) - 2
#(0 0 0.11764706 0 0 0) - 2
#(0 0 0.11764706 0 0 0) - 2
#(0 0 0.11764706 0 0 0) - 2
#(0 0 0.11764706 0 0 0) - 2
#(0 0 0.11764706 0 0 0) - 2
#(0 0 0.11764706 0 0 0) - 2
#(0 0 0.11764706 0 0 0) - 2
#(0 0 0.11764706 0 0 0) - 2
#(0 0 0.11764706 0 0 0) - 2
#(0 0 0.11764706 0 0 0) - 2
#(0 0 0.11764706 0 0 0) - 2
#(0 0 0 0 0 0) - 0
#(0 0 0 0 0 0) - 0
#(0 0 0 0 0 0) - 0
#(0 0 0 0 0 0) - 0
#(0 0 0 0 0 0) - 0
#(0 0 0 0 0 0) - 0
#(0 0 0 0 0 0) - 0
#(0 0 0 0 0 0) - 0
#(0 0 0 0 0 0) - 0
#(0 0 0 0 0 0) - 0
#(0 0 0 0 0 0) - 0
#(0 0 0 0 0 0) - 0
#(0 0 0 0 0 0) - 0
#(0 0 0 0 0 0) - 0
#(0 0 0 0 0 0) - 0
#(0 0 0 0 0 0) - 0
#(0 0 0 0 0 0) - 0
#(0 0 0 0 0 0) - 0
#(0 0 0 0 0 0) - 0
#(0 0 0 0 0 0) - 0
#(0 0 0 0 0 0) - 0
#(0 0 0 0 0 0) - 0
#(0 0 0 0 0 0) - 0
#(0 0 0 0 0 0) - 0
#(0 0 0 0 0 0) - 0
#(0 0 0 0 0 0) - 0
#(0 0 0 0 0 0) - 0
#(0 0 0 0 0 0) - 0
#(0 0 0 0 0 0) - 0
#(0 0 0 0 0 0) - 0
#(0 0 0 0 0 0) - 0
#(0 0 0 0 0 0) - 0
#(0 0 0 0 0 0) - 0
#(0 0 0 0 0 0) - 0
#(0 0 0 0 0 0) - 0
#(0 0 0 0 0 0) - 0
