
Grupo 0
#(0.017249206 0 0 0 0 0) - 0
#(0.03631412 0 0 0 0 0) - 0
#(0.026025116 0 0 0 0 0) - 0
#(0.044333484 0 0 0 0 0) - 0
#(0.023755485 0 0 0 0 0) - 0
#(0.0018157059 0 0 0 0 0) - 0
#(0.015736118 0 0 0 0 0) - 0
#(0.02042669 0 0 0 0 0) - 0
#(0.0074141324 0 0 0 0 0) - 0
#(0.01679528 0 0 0 0 0) - 0
#(0.025873808 0 0 0 0 0) - 0
#(0.023755485 0 0 0 0 0) - 0
#(0.0066575883 0 0 0 0 0) - 0
#(0.0089272205 0 0 0 0 0) - 0
#(0.03752459 0 0 0 0 0) - 0
#(0.022545014 0 0 0 0 0) - 0
#(0.013769102 0 0 0 0 0) - 0
#(0.027992131 0 0 0 0 0) - 0
#(0.01921622 0 0 0 0 0) - 0
#(0.014828265 0 0 0 0 0) - 0
#(0.03828113 0 0 0 0 0) - 0
#(0.03359056 0 0 0 0 0) - 0
#(0.048116203 0 0 0 0 0) - 0
#(0.013769102 0 0 0 0 0) - 0
#(0.0360115 0 0 0 0 0) - 0
#(0.03979422 0 0 0 0 0) - 0
#(0.031320926 0 0 0 0 0) - 0
#(0.011348162 0 0 0 0 0) - 0
#(0.027689515 0 0 0 0 0) - 0
#(0.044333484 0 0 0 0 0) - 0
#(0.028899984 0 0 0 0 0) - 0
#(0.02178847 0 0 0 0 0) - 0
#(0.033136632 0 0 0 0 0) - 0
#(0.020880617 0 0 0 0 0) - 0
#(0.0394916 0 0 0 0 0) - 0
#(0.014525647 0 0 0 0 0) - 0
#(0.015736118 0 0 0 0 0) - 0
#(0.021334544 0 0 0 0 0) - 0
#(0.052352853 0 0 0 0 0) - 0
#(0.039188985 0 0 0 0 0) - 0
#(0.02315025 0 0 0 0 0) - 0
#(0.036616735 0 0 0 0 0) - 0
#(0.04357694 0 0 0 0 0) - 0
#(0.012256014 0 0 0 0 0) - 0
#(0.027386896 0 0 0 0 0) - 0
#(0.049024057 0 0 0 0 0) - 0
#(0.017400514 0 0 0 0 0) - 0
#(0.024512028 0 0 0 0 0) - 0
#(0.043879557 0 0 0 0 0) - 0
#(0.06536541 0 0 0 0 0) - 0
#(0.0668785 0 0 0 0 0) - 0
#(0.04100469 0 0 0 0 0) - 0
#(0.034498412 0 0 0 0 0) - 0
#(0.027992131 0 0 0 0 0) - 0
#(0.06945075 0 0 0 0 0) - 0
#(0.05674081 0 0 0 0 0) - 0
#(0.03071569 0 0 0 0 0) - 0
#(0.026479043 0 0 0 0 0) - 0
#(0.03464972 0 0 0 0 0) - 0
#(0.060977455 0 0 0 0 0) - 0
#(0.047813587 0 0 0 0 0) - 0
#(0.055530336 0 0 0 0 0) - 0
#(0.051898926 0 0 0 0 0) - 0
#(0.074443944 0 0 0 0 0) - 0
#(0.037675895 0 0 0 0 0) - 0
#(0.021183236 0 0 0 0 0) - 0
#(0.019972764 0 0 0 0 0) - 0
#(0.037221972 0 0 0 0 0) - 0
#(0.031169618 0 0 0 0 0) - 0
#(0.050688457 0 0 0 0 0) - 0
#(0.0257225 0 0 0 0 0) - 0
#(0.006052353 0 0 0 0 0) - 0
#(0.026176427 0 0 0 0 0) - 0
#(0.017551823 0 0 0 0 0) - 0
#(0.030867 0 0 0 0 0) - 0
#(0.026176427 0 0 0 0 0) - 0
#(0.03464972 0 0 0 0 0) - 0
#(0.033136632 0 0 0 0 0) - 0
#(0.021183236 0 0 0 0 0) - 0
#(0.0021183235 0 0 0 0 0) - 0
#(0.026781661 0 0 0 0 0) - 0
#(0.043123014 0 0 0 0 0) - 0
#(0.037827205 0 0 0 0 0) - 0
#(0.0146769555 0 0 0 0 0) - 0
#(0.030110456 0 0 0 0 0) - 0
#(0.03631412 0 0 0 0 0) - 0
#(0.022242397 0 0 0 0 0) - 0
#(0.033741865 0 0 0 0 0) - 0
#(0.01286125 0 0 0 0 0) - 0
#(0.020729309 0 0 0 0 0) - 0
#(0.021485852 0 0 0 0 0) - 0
#(0.034044486 0 0 0 0 0) - 0
#(0.010288999 0 0 0 0 0) - 0
#(0.01800575 0 0 0 0 0) - 0
#(0.010894235 0 0 0 0 0) - 0
#(0.021637162 0 0 0 0 0) - 0
#(0.0125586325 0 0 0 0 0) - 0
#(0.014223029 0 0 0 0 0) - 0
#(0.020577999 0 0 0 0 0) - 0
#(0.014223029 0 0 0 0 0) - 0
#(0.016643971 0 0 0 0 0) - 0
#(0.02829475 0 0 0 0 0) - 0
#(0.01921622 0 0 0 0 0) - 0
#(0.03691935 0 0 0 0 0) - 0
#(0.036616735 0 0 0 0 0) - 0
#(0.019670147 0 0 0 0 0) - 0
#(0.015282191 0 0 0 0 0) - 0
#(0.033893175 0 0 0 0 0) - 0
#(0.023452867 0 0 0 0 0) - 0
#(0.014374338 0 0 0 0 0) - 0
#(0.023452867 0 0 0 0 0) - 0
#(0.044333484 0 0 0 0 0) - 0
#(0.0071115145 0 0 0 0 0) - 0
#(0.031320926 0 0 0 0 0) - 0
#(0.03616281 0 0 0 0 0) - 0
#(0.01286125 0 0 0 0 0) - 0
#(0.025268573 0 0 0 0 0) - 0
#(0.02708428 0 0 0 0 0) - 0
#(0.021485852 0 0 0 0 0) - 0
#(0.019821456 0 0 0 0 0) - 0
#(0.036616735 0 0 0 0 0) - 0
#(0.016946588 0 0 0 0 0) - 0
#(0.045846574 0 0 0 0 0) - 0
#(0.0257225 0 0 0 0 0) - 0
#(0.028446058 0 0 0 0 0) - 0
#(0.047208354 0 0 0 0 0) - 0
#(0.020577999 0 0 0 0 0) - 0

Grupo 1
#(0 0.029666819 0 0 0 0) - 1
#(0 0.018104367 0 0 0 0) - 1
#(0 0.029210405 0 0 0 0) - 1
#(0 0.013388103 0 0 0 0) - 1
#(0 0.017039403 0 0 0 0) - 1
#(0 0.016278716 0 0 0 0) - 1
#(0 0.012627415 0 0 0 0) - 1
#(0 0.021147117 0 0 0 0) - 1
#(0 0.027993307 0 0 0 0) - 1
#(0 0.008063289 0 0 0 0) - 1
#(0 0.01354024 0 0 0 0) - 1
#(0 0.017647954 0 0 0 0) - 1
#(0 0.009128252 0 0 0 0) - 1
#(0 0.0015213754 0 0 0 0) - 1
#(0 0.01977788 0 0 0 0) - 1
#(0 0.0010649627 0 0 0 0) - 1
#(0 0.0016735129 0 0 0 0) - 1
#(0 0.0786551 0 0 0 0) - 1
#(0 0.08702267 0 0 0 0) - 1
#(0 0.0786551 0 0 0 0) - 1
#(0 0.08702267 0 0 0 0) - 1
#(0 0.030731782 0 0 0 0) - 1
#(0 0.02464628 0 0 0 0) - 1
#(0 0.04381561 0 0 0 0) - 1
#(0 0.027232619 0 0 0 0) - 1
#(0 0.051574625 0 0 0 0) - 1
#(0 0.0786551 0 0 0 0) - 1
#(0 0.08702267 0 0 0 0) - 1
#(0 0.0786551 0 0 0 0) - 1
#(0 0.02829758 0 0 0 0) - 1
#(0 0.042902783 0 0 0 0) - 1
#(0 0.029666819 0 0 0 0) - 1
#(0 0.051574625 0 0 0 0) - 1
#(0 0.032405294 0 0 0 0) - 1
#(0 0.02829758 0 0 0 0) - 1
#(0 0.055073787 0 0 0 0) - 1
#(0 0.022364218 0 0 0 0) - 1
#(0 0.032861706 0 0 0 0) - 1
#(0 0.026167655 0 0 0 0) - 1
#(0 0.023124905 0 0 0 0) - 1
#(0 0.022059942 0 0 0 0) - 1
#(0 0.022516355 0 0 0 0) - 1
#(0 0.014909478 0 0 0 0) - 1
#(0 0.016582992 0 0 0 0) - 1
#(0 0.019930016 0 0 0 0) - 1
#(0 0.035904456 0 0 0 0) - 1
#(0 0.023124905 0 0 0 0) - 1
#(0 0.024494143 0 0 0 0) - 1
#(0 0.030579643 0 0 0 0) - 1
#(0 0.023124905 0 0 0 0) - 1
#(0 0.022516355 0 0 0 0) - 1
#(0 0.03560018 0 0 0 0) - 1
#(0 0.01232314 0 0 0 0) - 1
#(0 0.026015518 0 0 0 0) - 1
#(0 0.014453066 0 0 0 0) - 1
#(0 0.02829758 0 0 0 0) - 1
#(0 0.00988894 0 0 0 0) - 1
#(0 0.01049749 0 0 0 0) - 1
#(0 0.18332572 0 0 0 0) - 1
#(0 0.19686596 0 0 0 0) - 1
#(0 0.01414879 0 0 0 0) - 1
#(0 0.013844515 0 0 0 0) - 1
#(0 0.18332572 0 0 0 0) - 1
#(0 0.19686596 0 0 0 0) - 1
#(0 0.016735129 0 0 0 0) - 1
#(0 0.027993307 0 0 0 0) - 1
#(0 0.022364218 0 0 0 0) - 1
#(0 0.016126579 0 0 0 0) - 1
#(0 0.066788375 0 0 0 0) - 1
#(0 0.08763122 0 0 0 0) - 1
#(0 0.02342918 0 0 0 0) - 1
#(0 0.011866728 0 0 0 0) - 1
#(0 0.08763122 0 0 0 0) - 1
#(0 0.07515594 0 0 0 0) - 1
#(0 0.02342918 0 0 0 0) - 1
#(0 0.012171003 0 0 0 0) - 1
#(0 0.01171459 0 0 0 0) - 1
#(0 0.19686596 0 0 0 0) - 1
#(0 0.044424158 0 0 0 0) - 1
#(0 0.01171459 0 0 0 0) - 1
#(0 0.01977788 0 0 0 0) - 1
#(0 0.19686596 0 0 0 0) - 1
#(0 0.044424158 0 0 0 0) - 1
#(0 0.015670165 0 0 0 0) - 1
#(0 0.015365891 0 0 0 0) - 1
#(0 0.023885593 0 0 0 0) - 1
#(0 0.03331812 0 0 0 0) - 1
#(0 0.0066940514 0 0 0 0) - 1
#(0 0.007150464 0 0 0 0) - 1
#(0 0.010801765 0 0 0 0) - 1
#(0 0.010345352 0 0 0 0) - 1
#(0 0.019169329 0 0 0 0) - 1
#(0 0.0083675645 0 0 0 0) - 1
#(0 0.013844515 0 0 0 0) - 1
#(0 0.004868401 0 0 0 0) - 1
#(0 0.02160353 0 0 0 0) - 1
#(0 0.007454739 0 0 0 0) - 1
#(0 0.004259851 0 0 0 0) - 1
#(0 0.005172676 0 0 0 0) - 1
#(0 0.0063897762 0 0 0 0) - 1
#(0 0.004259851 0 0 0 0) - 1
#(0 0.014605203 0 0 0 0) - 1
#(0 0.04244637 0 0 0 0) - 1
#(0 0.011410315 0 0 0 0) - 1
#(0 0.015822303 0 0 0 0) - 1
#(0 0.0066940514 0 0 0 0) - 1
#(0 0.13951011 0 0 0 0) - 1
#(0 0.029058268 0 0 0 0) - 1
#(0 0.13951011 0 0 0 0) - 1
#(0 0.033165984 0 0 0 0) - 1
#(0 0.05492165 0 0 0 0) - 1
#(0 0.03955576 0 0 0 0) - 1
#(0 0.038490795 0 0 0 0) - 1
#(0 0.022364218 0 0 0 0) - 1
#(0 0.035448045 0 0 0 0) - 1
#(0 0.018560778 0 0 0 0) - 1
#(0 0.021907805 0 0 0 0) - 1
#(0 0.13951011 0 0 0 0) - 1
#(0 0.029058268 0 0 0 0) - 1
#(0 0.13951011 0 0 0 0) - 1
#(0 0.033165984 0 0 0 0) - 1
#(0 0.05492165 0 0 0 0) - 1
#(0 0.027232619 0 0 0 0) - 1
#(0 0.05492165 0 0 0 0) - 1
#(0 0.017495817 0 0 0 0) - 1
#(0 0.03270957 0 0 0 0) - 1
#(0 0.017952228 0 0 0 0) - 1
#(0 0.020538567 0 0 0 0) - 1
#(0 0.008823977 0 0 0 0) - 1
#(0 0.021147117 0 0 0 0) - 1
#(0 0.0069983266 0 0 0 0) - 1
#(0 0.008063289 0 0 0 0) - 1
#(0 0.0073026014 0 0 0 0) - 1
#(0 0.0036513007 0 0 0 0) - 1
#(0 0.012627415 0 0 0 0) - 1
#(0 0.010345352 0 0 0 0) - 1
#(0 0.0024342006 0 0 0 0) - 1
#(0 0.004564126 0 0 0 0) - 1
#(0 0.0060855015 0 0 0 0) - 1
#(0 0.0053248135 0 0 0 0) - 1
#(0 0.011562453 0 0 0 0) - 1
#(0 0.004868401 0 0 0 0) - 1
#(0 0.010801765 0 0 0 0) - 1
#(0 0.0050205383 0 0 0 0) - 1
#(0 0.0012171003 0 0 0 0) - 1
#(0 0.014300928 0 0 0 0) - 1
#(0 0.017952228 0 0 0 0) - 1
#(0 0.012931691 0 0 0 0) - 1
#(0 0.015822303 0 0 0 0) - 1
#(0 0.03468736 0 0 0 0) - 1
#(0 0.013235966 0 0 0 0) - 1
#(0 0.014757341 0 0 0 0) - 1
#(0 0.028906131 0 0 0 0) - 1
#(0 0.012018865 0 0 0 0) - 1
#(0 0.012171003 0 0 0 0) - 1
#(0 0.01734368 0 0 0 0) - 1
#(0 0.006846189 0 0 0 0) - 1
#(0 0.023885593 0 0 0 0) - 1
#(0 0.018408641 0 0 0 0) - 1
#(0 0.010801765 0 0 0 0) - 1
#(0 0.022972768 0 0 0 0) - 1
#(0 0.013692378 0 0 0 0) - 1
#(0 0.017952228 0 0 0 0) - 1
#(0 0.011258177 0 0 0 0) - 1
#(0 0.018712917 0 0 0 0) - 1
#(0 0.022364218 0 0 0 0) - 1
#(0 0.019625742 0 0 0 0) - 1
#(0 0.009280389 0 0 0 0) - 1
#(0 0.016430853 0 0 0 0) - 1
#(0 0.0057812263 0 0 0 0) - 1
#(0 0.009584664 0 0 0 0) - 1
#(0 0.007911151 0 0 0 0) - 1
#(0 0.006846189 0 0 0 0) - 1
#(0 0.014757341 0 0 0 0) - 1
#(0 0.021299254 0 0 0 0) - 1
#(0 0.0050205383 0 0 0 0) - 1
#(0 0.0030427508 0 0 0 0) - 1
#(0 0.0033470257 0 0 0 0) - 1
#(0 0.005933364 0 0 0 0) - 1
#(0 0.0038034383 0 0 0 0) - 1
#(0 0.0010649627 0 0 0 0) - 1
#(0 0.0013692378 0 0 0 0) - 1
#(0 0.0082154265 0 0 0 0) - 1
#(0 0.008519702 0 0 0 0) - 1
#(0 0.0021299254 0 0 0 0) - 1
#(0 0.0083675645 0 0 0 0) - 1
#(0 0.0016735129 0 0 0 0) - 1
#(0 0.007150464 0 0 0 0) - 1
#(0 0.007454739 0 0 0 0) - 1
#(0 0.007150464 0 0 0 0) - 1
#(0 0.011866728 0 0 0 0) - 1
#(0 0.029362544 0 0 0 0) - 1
#(0 0.11060399 0 0 0 0) - 1
#(0 0.052183174 0 0 0 0) - 1
#(0 0.09721588 0 0 0 0) - 1
#(0 0.11060399 0 0 0 0) - 1
#(0 0.047771186 0 0 0 0) - 1
#(0 0.09462955 0 0 0 0) - 1
#(0 0.038490795 0 0 0 0) - 1
#(0 0.042750645 0 0 0 0) - 1
#(0 0.036665145 0 0 0 0) - 1
#(0 0.046097673 0 0 0 0) - 1
#(0 0.033013843 0 0 0 0) - 1
#(0 0.03468736 0 0 0 0) - 1
#(0 0.11532025 0 0 0 0) - 1
#(0 0.052183174 0 0 0 0) - 1
#(0 0.09752016 0 0 0 0) - 1
#(0 0.039099347 0 0 0 0) - 1
#(0 0.030731782 0 0 0 0) - 1
#(0 0.03651301 0 0 0 0) - 1
#(0 0.016430853 0 0 0 0) - 1
#(0 0.02464628 0 0 0 0) - 1
#(0 0.011258177 0 0 0 0) - 1
#(0 0.028145444 0 0 0 0) - 1
#(0 0.039707895 0 0 0 0) - 1
#(0 0.030427506 0 0 0 0) - 1
#(0 0.044119883 0 0 0 0) - 1
#(0 0.030579643 0 0 0 0) - 1
#(0 0.028601857 0 0 0 0) - 1
#(0 0.013235966 0 0 0 0) - 1
#(0 0.026015518 0 0 0 0) - 1
#(0 0.039707895 0 0 0 0) - 1
#(0 0.029210405 0 0 0 0) - 1
#(0 0.025711242 0 0 0 0) - 1
#(0 0.032253157 0 0 0 0) - 1
#(0 0.03773011 0 0 0 0) - 1
#(0 0.01780009 0 0 0 0) - 1
#(0 0.011106039 0 0 0 0) - 1
#(0 0.04503271 0 0 0 0) - 1
#(0 0.016582992 0 0 0 0) - 1
#(0 0.029210405 0 0 0 0) - 1
#(0 0.026624069 0 0 0 0) - 1
#(0 0.010801765 0 0 0 0) - 1
#(0 0.01414879 0 0 0 0) - 1
#(0 0.013844515 0 0 0 0) - 1
#(0 0.01354024 0 0 0 0) - 1
#(0 0.010345352 0 0 0 0) - 1
#(0 0.004564126 0 0 0 0) - 1
#(0 0.018865054 0 0 0 0) - 1
#(0 0.01780009 0 0 0 0) - 1
#(0 0.014453066 0 0 0 0) - 1
#(0 0.010193215 0 0 0 0) - 1
#(0 0.0028906132 0 0 0 0) - 1
#(0 0.002586338 0 0 0 0) - 1
#(0 0.002282063 0 0 0 0) - 1
#(0 0.0031948881 0 0 0 0) - 1
#(0 0.006541914 0 0 0 0) - 1
#(0 0.0036513007 0 0 0 0) - 1
#(0 0.010041077 0 0 0 0) - 1
#(0 0.0063897762 0 0 0 0) - 1
#(0 0.004868401 0 0 0 0) - 1
#(0 0.0028906132 0 0 0 0) - 1
#(0 0.007759014 0 0 0 0) - 1
#(0 0.006846189 0 0 0 0) - 1
#(0 0.0036513007 0 0 0 0) - 1
#(0 0.0010649627 0 0 0 0) - 1
#(0 0.0010649627 0 0 0 0) - 1
#(0 0.0038034383 0 0 0 0) - 1
#(0 0.0019777878 0 0 0 0) - 1
#(0 0.002586338 0 0 0 0) - 1
#(0 0.0027384756 0 0 0 0) - 1
#(0 0.008823977 0 0 0 0) - 1
#(0 0.007150464 0 0 0 0) - 1
#(0 0.015365891 0 0 0 0) - 1
#(0 0.0012171003 0 0 0 0) - 1
#(0 0.0076068765 0 0 0 0) - 1
#(0 0.0047162636 0 0 0 0) - 1
#(0 0.004564126 0 0 0 0) - 1
#(0 0.0024342006 0 0 0 0) - 1
#(0 0.005172676 0 0 0 0) - 1
#(0 0.0024342006 0 0 0 0) - 1
#(0 0.005172676 0 0 0 0) - 1
#(0 0.004868401 0 0 0 0) - 1
#(0 0.004564126 0 0 0 0) - 1
#(0 0.0039555756 0 0 0 0) - 1
#(0 0.0013692378 0 0 0 0) - 1
#(0 0.004564126 0 0 0 0) - 1
#(0 0.004564126 0 0 0 0) - 1
#(0 0.010649627 0 0 0 0) - 1
#(0 0.0012171003 0 0 0 0) - 1
#(0 0.007454739 0 0 0 0) - 1

Grupo 2
#(0 0 0.006902357 0 0 0) - 2
#(0 0 0.01043771 0 0 0) - 2
#(0 0 0.0025252525 0 0 0) - 2
#(0 0 0.005892256 0 0 0) - 2
#(0 0 0.0023569025 0 0 0) - 2
#(0 0 0.008417509 0 0 0) - 2
#(0 0 0.0057239057 0 0 0) - 2
#(0 0 0.003030303 0 0 0) - 2
#(0 0 0.0035353536 0 0 0) - 2
#(0 0 0.0045454544 0 0 0) - 2
#(0 0 0.0055555557 0 0 0) - 2
#(0 0 0.007239057 0 0 0) - 2
#(0 0 0.004040404 0 0 0) - 2
#(0 0 0.006060606 0 0 0) - 2
#(0 0 0.004040404 0 0 0) - 2
#(0 0 8.417508e-4 0 0 0) - 2
#(0 0 0.0033670033 0 0 0) - 2
#(0 0 0.004713805 0 0 0) - 2
#(0 0 0.0033670033 0 0 0) - 2
#(0 0 0.005050505 0 0 0) - 2
#(0 0 0.0016835016 0 0 0) - 2
#(0 0 0.0037037036 0 0 0) - 2
#(0 0 0.0021885522 0 0 0) - 2
#(0 0 0.005892256 0 0 0) - 2
#(0 0 0.002020202 0 0 0) - 2
#(0 0 0.0045454544 0 0 0) - 2
#(0 0 0.0045454544 0 0 0) - 2
#(0 0 0.0013468013 0 0 0) - 2
#(0 0 0.0037037036 0 0 0) - 2
#(0 0 0.005892256 0 0 0) - 2
#(0 0 0.012121212 0 0 0) - 2
#(0 0 0.017171716 0 0 0) - 2
#(0 0 0.025757575 0 0 0) - 2
#(0 0 0.022558922 0 0 0) - 2
#(0 0 0.027777778 0 0 0) - 2
#(0 0 0.010606061 0 0 0) - 2
#(0 0 0.005218855 0 0 0) - 2
#(0 0 0.0055555557 0 0 0) - 2
#(0 0 8.417508e-4 0 0 0) - 2
#(0 0 0.0055555557 0 0 0) - 2
#(0 0 0.0042087543 0 0 0) - 2
#(0 0 0.013804714 0 0 0) - 2
#(0 0 0.018350169 0 0 0) - 2
#(0 0 0.01010101 0 0 0) - 2
#(0 0 0.0055555557 0 0 0) - 2
#(0 0 0.003872054 0 0 0) - 2
#(0 0 0.003030303 0 0 0) - 2
#(0 0 0.0067340066 0 0 0) - 2
#(0 0 0.0055555557 0 0 0) - 2
#(0 0 0.008249158 0 0 0) - 2
#(0 0 0.005892256 0 0 0) - 2
#(0 0 0.529798 0 0 0) - 2
#(0 0 0.23585859 0 0 0) - 2
#(0 0 0.01043771 0 0 0) - 2
#(0 0 0.015319865 0 0 0) - 2
#(0 0 0.529798 0 0 0) - 2
#(0 0 0.03047138 0 0 0) - 2
#(0 0 0.008417509 0 0 0) - 2
#(0 0 0.011784512 0 0 0) - 2
#(0 0 0.0042087543 0 0 0) - 2
#(0 0 0.013973064 0 0 0) - 2
#(0 0 0.529798 0 0 0) - 2
#(0 0 0.064141415 0 0 0) - 2
#(0 0 0.080976434 0 0 0) - 2
#(0 0 0.118855216 0 0 0) - 2
#(0 0 0.49309763 0 0 0) - 2
#(0 0 0.007575758 0 0 0) - 2
#(0 0 0.015488216 0 0 0) - 2
#(0 0 0.0114478115 0 0 0) - 2
#(0 0 0.009595959 0 0 0) - 2
#(0 0 0.016161617 0 0 0) - 2
#(0 0 0.008080808 0 0 0) - 2
#(0 0 0.529798 0 0 0) - 2
#(0 0 0.064141415 0 0 0) - 2
#(0 0 0.080976434 0 0 0) - 2
#(0 0 0.118855216 0 0 0) - 2
#(0 0 0.49309763 0 0 0) - 2
#(0 0 0.016329966 0 0 0) - 2
#(0 0 0.035521887 0 0 0) - 2
#(0 0 0.012794613 0 0 0) - 2
#(0 0 0.017340068 0 0 0) - 2
#(0 0 0.023232324 0 0 0) - 2
#(0 0 0.024579125 0 0 0) - 2
#(0 0 0.032828283 0 0 0) - 2
#(0 0 0.02996633 0 0 0) - 2
#(0 0 0.011111111 0 0 0) - 2
#(0 0 0.013468013 0 0 0) - 2
#(0 0 0.013636364 0 0 0) - 2
#(0 0 0.011111111 0 0 0) - 2
#(0 0 0.011111111 0 0 0) - 2
#(0 0 0.021380471 0 0 0) - 2
#(0 0 0.018013468 0 0 0) - 2
#(0 0 0.015993265 0 0 0) - 2
#(0 0 0.016835017 0 0 0) - 2
#(0 0 0.023400674 0 0 0) - 2
#(0 0 0.022053871 0 0 0) - 2
#(0 0 0.022895623 0 0 0) - 2
#(0 0 0.013636364 0 0 0) - 2
#(0 0 0.024074074 0 0 0) - 2
#(0 0 0.028956229 0 0 0) - 2
#(0 0 0.027777778 0 0 0) - 2
#(0 0 0.05050505 0 0 0) - 2
#(0 0 0.042760942 0 0 0) - 2
#(0 0 0.034343433 0 0 0) - 2
#(0 0 0.022895623 0 0 0) - 2
#(0 0 0.016329966 0 0 0) - 2
#(0 0 0.023905724 0 0 0) - 2
#(0 0 0.03181818 0 0 0) - 2
#(0 0 0.044276096 0 0 0) - 2
#(0 0 0.015151516 0 0 0) - 2
#(0 0 0.012121212 0 0 0) - 2
#(0 0 0.0065656565 0 0 0) - 2
#(0 0 0.03013468 0 0 0) - 2
#(0 0 0.017340068 0 0 0) - 2
#(0 0 0.028114479 0 0 0) - 2
#(0 0 0.014309764 0 0 0) - 2
#(0 0 0.0513468 0 0 0) - 2
#(0 0 0.02020202 0 0 0) - 2
#(0 0 0.004882155 0 0 0) - 2
#(0 0 0.005218855 0 0 0) - 2
#(0 0 0.04074074 0 0 0) - 2
#(0 0 0.03164983 0 0 0) - 2
#(0 0 0.016498316 0 0 0) - 2
#(0 0 0.010606061 0 0 0) - 2
#(0 0 0.008080808 0 0 0) - 2
#(0 0 0.025420876 0 0 0) - 2
#(0 0 0.056565657 0 0 0) - 2
#(0 0 0.014141414 0 0 0) - 2
#(0 0 0.025252525 0 0 0) - 2
#(0 0 0.03989899 0 0 0) - 2
#(0 0 0.008585858 0 0 0) - 2
#(0 0 0.03198653 0 0 0) - 2
#(0 0 0.014983165 0 0 0) - 2
#(0 0 0.02020202 0 0 0) - 2
#(0 0 0.0057239057 0 0 0) - 2
#(0 0 0.028956229 0 0 0) - 2
#(0 0 0.015151516 0 0 0) - 2
#(0 0 0.01986532 0 0 0) - 2
#(0 0 0.015319865 0 0 0) - 2
#(0 0 0.01010101 0 0 0) - 2
#(0 0 0.022390572 0 0 0) - 2
#(0 0 0.012289562 0 0 0) - 2
#(0 0 0.0045454544 0 0 0) - 2
#(0 0 0.0026936026 0 0 0) - 2
#(0 0 0.002020202 0 0 0) - 2
#(0 0 0.005050505 0 0 0) - 2
#(0 0 0.01043771 0 0 0) - 2
#(0 0 0.007239057 0 0 0) - 2
#(0 0 0.008080808 0 0 0) - 2
#(0 0 0.003030303 0 0 0) - 2
#(0 0 0.022558922 0 0 0) - 2
#(0 0 0.014646465 0 0 0) - 2
#(0 0 0.02037037 0 0 0) - 2
#(0 0 0.011279461 0 0 0) - 2
#(0 0 0.012121212 0 0 0) - 2
#(0 0 0.008922559 0 0 0) - 2
#(0 0 0.012794613 0 0 0) - 2
#(0 0 0.0114478115 0 0 0) - 2
#(0 0 0.017340068 0 0 0) - 2
#(0 0 0.007575758 0 0 0) - 2
#(0 0 0.01969697 0 0 0) - 2
#(0 0 0.02020202 0 0 0) - 2
#(0 0 0.024579125 0 0 0) - 2
#(0 0 0.0067340066 0 0 0) - 2
#(0 0 0.021212121 0 0 0) - 2
#(0 0 0.033838384 0 0 0) - 2
#(0 0 0.01902357 0 0 0) - 2
#(0 0 0.012457913 0 0 0) - 2
#(0 0 0.02003367 0 0 0) - 2
#(0 0 0.01986532 0 0 0) - 2
#(0 0 0.014309764 0 0 0) - 2
#(0 0 0.008754209 0 0 0) - 2
#(0 0 0.010269361 0 0 0) - 2
#(0 0 8.417508e-4 0 0 0) - 2
#(0 0 0.0042087543 0 0 0) - 2
#(0 0 0.0028619529 0 0 0) - 2
#(0 0 0.0074074073 0 0 0) - 2
#(0 0 0.007744108 0 0 0) - 2
#(0 0 0.01010101 0 0 0) - 2
#(0 0 0.007239057 0 0 0) - 2
#(0 0 0.005387205 0 0 0) - 2
#(0 0 0.00942761 0 0 0) - 2
#(0 0 0.007070707 0 0 0) - 2
#(0 0 0.0129629625 0 0 0) - 2
#(0 0 0.011616162 0 0 0) - 2
#(0 0 0.009090909 0 0 0) - 2
#(0 0 0.012121212 0 0 0) - 2
#(0 0 0.007744108 0 0 0) - 2
#(0 0 0.010269361 0 0 0) - 2
#(0 0 0.017171716 0 0 0) - 2
#(0 0 0.008754209 0 0 0) - 2
#(0 0 0.014141414 0 0 0) - 2
#(0 0 0.008249158 0 0 0) - 2
#(0 0 0.015319865 0 0 0) - 2
#(0 0 0.009090909 0 0 0) - 2
#(0 0 0.0045454544 0 0 0) - 2
#(0 0 0.0063973065 0 0 0) - 2
#(0 0 0.0021885522 0 0 0) - 2
#(0 0 0.0026936026 0 0 0) - 2
#(0 0 0.008249158 0 0 0) - 2
#(0 0 0.0033670033 0 0 0) - 2
#(0 0 0.007575758 0 0 0) - 2
#(0 0 0.0028619529 0 0 0) - 2
#(0 0 8.417508e-4 0 0 0) - 2
#(0 0 0.0062289564 0 0 0) - 2
#(0 0 0.0042087543 0 0 0) - 2
#(0 0 0.007744108 0 0 0) - 2
#(0 0 0.01043771 0 0 0) - 2
#(0 0 0.0025252525 0 0 0) - 2
#(0 0 0.004882155 0 0 0) - 2
#(0 0 0.00993266 0 0 0) - 2
#(0 0 0.008754209 0 0 0) - 2
#(0 0 0.003030303 0 0 0) - 2
#(0 0 0.0018518518 0 0 0) - 2
#(0 0 0.004882155 0 0 0) - 2
#(0 0 0.0129629625 0 0 0) - 2
#(0 0 0.014141414 0 0 0) - 2
#(0 0 0.0035353536 0 0 0) - 2
#(0 0 0.0025252525 0 0 0) - 2
#(0 0 0.0043771043 0 0 0) - 2
#(0 0 0.006902357 0 0 0) - 2
#(0 0 0.006902357 0 0 0) - 2
#(0 0 0.007575758 0 0 0) - 2
#(0 0 0.0057239057 0 0 0) - 2
#(0 0 0.0015151515 0 0 0) - 2
#(0 0 0.005218855 0 0 0) - 2
#(0 0 0.005050505 0 0 0) - 2
#(0 0 0.005218855 0 0 0) - 2
#(0 0 0.006902357 0 0 0) - 2
#(0 0 0.0067340066 0 0 0) - 2
#(0 0 0.004882155 0 0 0) - 2
#(0 0 0.008585858 0 0 0) - 2
#(0 0 0.007744108 0 0 0) - 2
#(0 0 0.008754209 0 0 0) - 2
#(0 0 0.015656566 0 0 0) - 2
#(0 0 0.0074074073 0 0 0) - 2
#(0 0 0.007744108 0 0 0) - 2
#(0 0 0.0013468013 0 0 0) - 2
#(0 0 3.3670032e-4 0 0 0) - 2
#(0 0 0.0015151515 0 0 0) - 2
#(0 0 0.007744108 0 0 0) - 2
#(0 0 0.0013468013 0 0 0) - 2
#(0 0 0.0013468013 0 0 0) - 2
#(0 0 0.001010101 0 0 0) - 2
#(0 0 6.7340065e-4 0 0 0) - 2
#(0 0 0.013468013 0 0 0) - 2
#(0 0 0.013468013 0 0 0) - 2
#(0 0 0.0045454544 0 0 0) - 2
#(0 0 0.014141414 0 0 0) - 2
#(0 0 0.01010101 0 0 0) - 2
#(0 0 0.013468013 0 0 0) - 2
#(0 0 0.015151516 0 0 0) - 2
#(0 0 0.008417509 0 0 0) - 2
#(0 0 0.008249158 0 0 0) - 2
#(0 0 0.0063973065 0 0 0) - 2

Grupo 3
#(0 0 0 0.010625738 0 0) - 3
#(0 0 0 0.018299881 0 0) - 3
#(0 0 0 0.017119244 0 0) - 3
#(0 0 0 0.0011806375 0 0) - 3
#(0 0 0 0.0017709563 0 0) - 3
#(0 0 0 0.002361275 0 0) - 3
#(0 0 0 0 0 0) - 0
#(0 0 0 0.002361275 0 0) - 3
#(0 0 0 0.0188902 0 0) - 3
#(0 0 0 0.0850059 0 0) - 3
#(0 0 0 0.04840614 0 0) - 3
#(0 0 0 0.008264462 0 0) - 3
#(0 0 0 0.014757969 0 0) - 3
#(0 0 0 0.013577332 0 0) - 3
#(0 0 0 0.011806375 0 0) - 3
#(0 0 0 0.015348288 0 0) - 3
#(0 0 0 0.0064935065 0 0) - 3
#(0 0 0 0.0094451 0 0) - 3
#(0 0 0 0.019480519 0 0) - 3
#(0 0 0 0.014167651 0 0) - 3
#(0 0 0 0.0112160565 0 0) - 3
#(0 0 0 0.014757969 0 0) - 3
#(0 0 0 0.005312869 0 0) - 3
#(0 0 0 0.0094451 0 0) - 3
#(0 0 0 0.0064935065 0 0) - 3
#(0 0 0 0.0070838253 0 0) - 3
#(0 0 0 0.035419125 0 0) - 3
#(0 0 0 0.0064935065 0 0) - 3
#(0 0 0 0.010625738 0 0) - 3
#(0 0 0 0.023022432 0 0) - 3
#(0 0 0 0.021841794 0 0) - 3
#(0 0 0 0.020070838 0 0) - 3
#(0 0 0 0.04368359 0 0) - 3
#(0 0 0 0.025383707 0 0) - 3
#(0 0 0 0.020661157 0 0) - 3
#(0 0 0 0.021251475 0 0) - 3
#(0 0 0 0.022432113 0 0) - 3
#(0 0 0 0.0112160565 0 0) - 3
#(0 0 0 0.021251475 0 0) - 3
#(0 0 0 0.0070838253 0 0) - 3
#(0 0 0 0.02420307 0 0) - 3
#(0 0 0 0.04368359 0 0) - 3
#(0 0 0 0.029515939 0 0) - 3
#(0 0 0 0.023022432 0 0) - 3
#(0 0 0 0.011806375 0 0) - 3
#(0 0 0 0.0112160565 0 0) - 3
#(0 0 0 0.012987013 0 0) - 3
#(0 0 0 0.024793388 0 0) - 3
#(0 0 0 0.00472255 0 0) - 3
#(0 0 0 0.012396694 0 0) - 3
#(0 0 0 0.002361275 0 0) - 3
#(0 0 0 0.012396694 0 0) - 3
#(0 0 0 0.017119244 0 0) - 3
#(0 0 0 0.051948052 0 0) - 3
#(0 0 0 0.047815822 0 0) - 3
#(0 0 0 0.059031878 0 0) - 3
#(0 0 0 0.046635184 0 0) - 3
#(0 0 0 0.028335301 0 0) - 3
#(0 0 0 0.059031878 0 0) - 3
#(0 0 0 0.05312869 0 0) - 3
#(0 0 0 0.06198347 0 0) - 3
#(0 0 0 0.06316411 0 0) - 3
#(0 0 0 0.031286895 0 0) - 3
#(0 0 0 0.04840614 0 0) - 3
#(0 0 0 0.036009446 0 0) - 3
#(0 0 0 0.06198347 0 0) - 3
#(0 0 0 0.03305785 0 0) - 3
#(0 0 0 0.0472255 0 0) - 3
#(0 0 0 0.03837072 0 0) - 3
#(0 0 0 0.056670602 0 0) - 3
#(0 0 0 0.04309327 0 0) - 3
#(0 0 0 0.03305785 0 0) - 3
#(0 0 0 0.03305785 0 0) - 3
#(0 0 0 0.028335301 0 0) - 3
#(0 0 0 0.04309327 0 0) - 3
#(0 0 0 0.032467533 0 0) - 3
#(0 0 0 0.027154664 0 0) - 3
#(0 0 0 0.03482881 0 0) - 3
#(0 0 0 0.028335301 0 0) - 3
#(0 0 0 0.027154664 0 0) - 3
#(0 0 0 0.046044864 0 0) - 3
#(0 0 0 0.051948052 0 0) - 3
#(0 0 0 0.045454547 0 0) - 3
#(0 0 0 0.03482881 0 0) - 3
#(0 0 0 0.04899646 0 0) - 3
#(0 0 0 0.032467533 0 0) - 3
#(0 0 0 0.03305785 0 0) - 3
#(0 0 0 0.030696576 0 0) - 3
#(0 0 0 0.0377804 0 0) - 3
#(0 0 0 0.019480519 0 0) - 3
#(0 0 0 0.037190083 0 0) - 3
#(0 0 0 0.015938606 0 0) - 3
#(0 0 0 0.010625738 0 0) - 3
#(0 0 0 0.015348288 0 0) - 3
#(0 0 0 0.0017709563 0 0) - 3
#(0 0 0 0.025974026 0 0) - 3
#(0 0 0 0.036009446 0 0) - 3
#(0 0 0 0.008264462 0 0) - 3
#(0 0 0 0.005312869 0 0) - 3
#(0 0 0 0.03837072 0 0) - 3
#(0 0 0 0.015348288 0 0) - 3
#(0 0 0 0.014167651 0 0) - 3
#(0 0 0 0.017709563 0 0) - 3
#(0 0 0 0.0035419127 0 0) - 3
#(0 0 0 0.007674144 0 0) - 3
#(0 0 0 0.0035419127 0 0) - 3
#(0 0 0 0.0112160565 0 0) - 3
#(0 0 0 0.016528925 0 0) - 3
#(0 0 0 0.013577332 0 0) - 3
#(0 0 0 0.018299881 0 0) - 3
#(0 0 0 0.02420307 0 0) - 3
#(0 0 0 0.010035419 0 0) - 3
#(0 0 0 0.014167651 0 0) - 3
#(0 0 0 0.0094451 0 0) - 3
#(0 0 0 0.0064935065 0 0) - 3
#(0 0 0 0.0064935065 0 0) - 3
#(0 0 0 0.030106258 0 0) - 3
#(0 0 0 0.036599763 0 0) - 3
#(0 0 0 0.015348288 0 0) - 3
#(0 0 0 0.0070838253 0 0) - 3
#(0 0 0 0.06729634 0 0) - 3
#(0 0 0 0.10979929 0 0) - 3
#(0 0 0 0.11038961 0 0) - 3
#(0 0 0 0.060802832 0 0) - 3
#(0 0 0 0.11157025 0 0) - 3
#(0 0 0 0.053719006 0 0) - 3
#(0 0 0 0.06552538 0 0) - 3
#(0 0 0 0.034238487 0 0) - 3
#(0 0 0 0.04840614 0 0) - 3
#(0 0 0 0.059031878 0 0) - 3
#(0 0 0 0.1257379 0 0) - 3
#(0 0 0 0.064935066 0 0) - 3
#(0 0 0 0.06434475 0 0) - 3
#(0 0 0 0.03364817 0 0) - 3
#(0 0 0 0.061393153 0 0) - 3
#(0 0 0 0.0094451 0 0) - 3
#(0 0 0 0.0188902 0 0) - 3
#(0 0 0 0.0188902 0 0) - 3
#(0 0 0 0.017709563 0 0) - 3
#(0 0 0 0.008854781 0 0) - 3
#(0 0 0 0.027154664 0 0) - 3
#(0 0 0 0.061393153 0 0) - 3
#(0 0 0 0.05608028 0 0) - 3
#(0 0 0 0.060802832 0 0) - 3
#(0 0 0 0.11157025 0 0) - 3
#(0 0 0 0.04840614 0 0) - 3
#(0 0 0 0.06552538 0 0) - 3
#(0 0 0 0.025383707 0 0) - 3
#(0 0 0 0.046635184 0 0) - 3
#(0 0 0 0.06788666 0 0) - 3
#(0 0 0 0.1257379 0 0) - 3
#(0 0 0 0.052538373 0 0) - 3
#(0 0 0 0.03837072 0 0) - 3
#(0 0 0 0.032467533 0 0) - 3
#(0 0 0 0.027744982 0 0) - 3
#(0 0 0 0.051357735 0 0) - 3
#(0 0 0 0.026564345 0 0) - 3
#(0 0 0 0.040141676 0 0) - 3
#(0 0 0 0.0472255 0 0) - 3
#(0 0 0 0.021251475 0 0) - 3
#(0 0 0 0.007674144 0 0) - 3
#(0 0 0 0.021841794 0 0) - 3
#(0 0 0 0.017709563 0 0) - 3
#(0 0 0 0.0059031877 0 0) - 3
#(0 0 0 0.017709563 0 0) - 3
#(0 0 0 0.024793388 0 0) - 3
#(0 0 0 0.038961038 0 0) - 3
#(0 0 0 0.030696576 0 0) - 3
#(0 0 0 0.047815822 0 0) - 3
#(0 0 0 0.031286895 0 0) - 3
#(0 0 0 0.020070838 0 0) - 3
#(0 0 0 0.026564345 0 0) - 3
#(0 0 0 0.030696576 0 0) - 3
#(0 0 0 0.030696576 0 0) - 3
#(0 0 0 0.014167651 0 0) - 3
#(0 0 0 0.015938606 0 0) - 3
#(0 0 0 0.024793388 0 0) - 3
#(0 0 0 0.030106258 0 0) - 3
#(0 0 0 0.018299881 0 0) - 3
#(0 0 0 0.05608028 0 0) - 3
#(0 0 0 0.036599763 0 0) - 3
#(0 0 0 0.019480519 0 0) - 3
#(0 0 0 0.029515939 0 0) - 3
#(0 0 0 0.015348288 0 0) - 3
#(0 0 0 0.019480519 0 0) - 3
#(0 0 0 0.0112160565 0 0) - 3
#(0 0 0 0.014757969 0 0) - 3
#(0 0 0 0.0690673 0 0) - 3
#(0 0 0 0.0377804 0 0) - 3
#(0 0 0 0.035419125 0 0) - 3
#(0 0 0 0.036599763 0 0) - 3
#(0 0 0 0.0188902 0 0) - 3
#(0 0 0 0.05608028 0 0) - 3
#(0 0 0 0.016528925 0 0) - 3
#(0 0 0 0.017709563 0 0) - 3
#(0 0 0 0.03482881 0 0) - 3
#(0 0 0 0.041912634 0 0) - 3
#(0 0 0 0.029515939 0 0) - 3
#(0 0 0 0.026564345 0 0) - 3
#(0 0 0 0.022432113 0 0) - 3
#(0 0 0 0.025974026 0 0) - 3
#(0 0 0 0.0070838253 0 0) - 3
#(0 0 0 0.007674144 0 0) - 3
#(0 0 0 0.014757969 0 0) - 3
#(0 0 0 5.9031876e-4 0 0) - 3
#(0 0 0 0.017119244 0 0) - 3
#(0 0 0 0.014167651 0 0) - 3
#(0 0 0 0.010625738 0 0) - 3
#(0 0 0 0.012987013 0 0) - 3
