
Grupo 0
#(0.028006589 0 0 0 0 0) - 0
#(0.057660624 0 0 0 0 0) - 0
#(0.03239978 0 0 0 0 0) - 0
#(0.03349808 0 0 0 0 0) - 0
#(0.015925316 0 0 0 0 0) - 0
#(0.0010982977 0 0 0 0 0) - 0
#(0.0076880837 0 0 0 0 0) - 0
#(0.017023614 0 0 0 0 0) - 0
#(0.0032948928 0 0 0 0 0) - 0
#(0.005491488 0 0 0 0 0) - 0
#(0.0104338275 0 0 0 0 0) - 0
#(0.015376167 0 0 0 0 0) - 0
#(0.008786381 0 0 0 0 0) - 0
#(0.016474465 0 0 0 0 0) - 0
#(0.07358594 0 0 0 0 0) - 0
#(0.057660624 0 0 0 0 0) - 0
#(0.028006589 0 0 0 0 0) - 0
#(0.049423393 0 0 0 0 0) - 0
#(0.03239978 0 0 0 0 0) - 0
#(0.01867106 0 0 0 0 0) - 0
#(0.072487645 0 0 0 0 0) - 0
#(0.06589786 0 0 0 0 0) - 0
#(0.070840195 0 0 0 0 0) - 0
#(0.02306425 0 0 0 0 0) - 0
#(0.068094455 0 0 0 0 0) - 0
#(0.07138935 0 0 0 0 0) - 0
#(0.047226798 0 0 0 0 0) - 0
#(0.026908292 0 0 0 0 0) - 0
#(0.056562327 0 0 0 0 0) - 0
#(0.04173531 0 0 0 0 0) - 0
#(0.05107084 0 0 0 0 0) - 0
#(0.03294893 0 0 0 0 0) - 0
#(0.03679297 0 0 0 0 0) - 0
#(0.021416804 0 0 0 0 0) - 0
#(0.06205382 0 0 0 0 0) - 0
#(0.018121911 0 0 0 0 0) - 0
#(0.024162548 0 0 0 0 0) - 0
#(0.026359143 0 0 0 0 0) - 0
#(0.058209773 0 0 0 0 0) - 0
#(0.06699616 0 0 0 0 0) - 0
#(0.038989566 0 0 0 0 0) - 0
#(0.04118616 0 0 0 0 0) - 0
#(0.056013178 0 0 0 0 0) - 0
#(0.0043931906 0 0 0 0 0) - 0
#(0.034596376 0 0 0 0 0) - 0
#(0.05546403 0 0 0 0 0) - 0
#(0.015376167 0 0 0 0 0) - 0
#(0.020867655 0 0 0 0 0) - 0
#(0.05985722 0 0 0 0 0) - 0
#(0.11312465 0 0 0 0 0) - 0
#(0.12904997 0 0 0 0 0) - 0
#(0.06205382 0 0 0 0 0) - 0
#(0.08347062 0 0 0 0 0) - 0
#(0.04557935 0 0 0 0 0) - 0
#(0.12136189 0 0 0 0 0) - 0
#(0.0911587 0 0 0 0 0) - 0
#(0.06589786 0 0 0 0 0) - 0
#(0.056013178 0 0 0 0 0) - 0
#(0.06919275 0 0 0 0 0) - 0
#(0.081274025 0 0 0 0 0) - 0
#(0.07468424 0 0 0 0 0) - 0
#(0.10873146 0 0 0 0 0) - 0
#(0.09665019 0 0 0 0 0) - 0
#(0.13618891 0 0 0 0 0) - 0
#(0.07138935 0 0 0 0 0) - 0
#(0.035694674 0 0 0 0 0) - 0
#(0.035694674 0 0 0 0 0) - 0
#(0.058758922 0 0 0 0 0) - 0
#(0.034596376 0 0 0 0 0) - 0
#(0.052718285 0 0 0 0 0) - 0
#(0.047775947 0 0 0 0 0) - 0
#(0.0104338275 0 0 0 0 0) - 0
#(0.038440417 0 0 0 0 0) - 0
#(0.030752335 0 0 0 0 0) - 0
#(0.0461285 0 0 0 0 0) - 0
#(0.024162548 0 0 0 0 0) - 0
#(0.05436573 0 0 0 0 0) - 0
#(0.038989566 0 0 0 0 0) - 0
#(0.022515101 0 0 0 0 0) - 0
#(0.0010982977 0 0 0 0 0) - 0
#(0.021416804 0 0 0 0 0) - 0
#(0.042833608 0 0 0 0 0) - 0
#(0.038989566 0 0 0 0 0) - 0
#(0.005491488 0 0 0 0 0) - 0
#(0.05052169 0 0 0 0 0) - 0
#(0.030752335 0 0 0 0 0) - 0
#(0.028555738 0 0 0 0 0) - 0
#(0.03789127 0 0 0 0 0) - 0
#(0.008786381 0 0 0 0 0) - 0
#(0.034596376 0 0 0 0 0) - 0
#(0.023613399 0 0 0 0 0) - 0
#(0.051619988 0 0 0 0 0) - 0
#(0.0104338275 0 0 0 0 0) - 0
#(0.020867655 0 0 0 0 0) - 0
#(0.021416804 0 0 0 0 0) - 0
#(0.03679297 0 0 0 0 0) - 0
#(0.018121911 0 0 0 0 0) - 0
#(0.014827018 0 0 0 0 0) - 0
#(0.015925316 0 0 0 0 0) - 0
#(0.028555738 0 0 0 0 0) - 0
#(0.012630423 0 0 0 0 0) - 0
#(0.028555738 0 0 0 0 0) - 0
#(0.02745744 0 0 0 0 0) - 0
#(0.06095552 0 0 0 0 0) - 0
#(0.06425041 0 0 0 0 0) - 0
#(0.03294893 0 0 0 0 0) - 0
#(0.040637013 0 0 0 0 0) - 0
#(0.09280615 0 0 0 0 0) - 0
#(0.04557935 0 0 0 0 0) - 0
#(0.016474465 0 0 0 0 0) - 0
#(0.00933553 0 0 0 0 0) - 0
#(0.08456892 0 0 0 0 0) - 0
#(0.012081274 0 0 0 0 0) - 0
#(0.00933553 0 0 0 0 0) - 0
#(0.026359143 0 0 0 0 0) - 0
#(0.00933553 0 0 0 0 0) - 0
#(0.018121911 0 0 0 0 0) - 0
#(0.012081274 0 0 0 0 0) - 0
#(0.034596376 0 0 0 0 0) - 0
#(0.024711696 0 0 0 0 0) - 0
#(0.034047227 0 0 0 0 0) - 0
#(0.030203186 0 0 0 0 0) - 0
#(0.09390445 0 0 0 0 0) - 0
#(0.044481054 0 0 0 0 0) - 0
#(0.052169137 0 0 0 0 0) - 0
#(0.085667215 0 0 0 0 0) - 0
#(0.047775947 0 0 0 0 0) - 0

Grupo 1
#(0 0.057636887 0 0 0 0) - 1
#(0 0.03386167 0 0 0 0) - 1
#(0 0.048270892 0 0 0 0) - 1
#(0 0.004322767 0 0 0 0) - 1
#(0 0.013688761 0 0 0 0) - 1
#(0 0.024495678 0 0 0 0) - 1
#(0 0.020893373 0 0 0 0) - 1
#(0 0.056916427 0 0 0 0) - 1
#(0 0.020893373 0 0 0 0) - 1
#(0 0.011527377 0 0 0 0) - 1
#(0 0.018731989 0 0 0 0) - 1
#(0 0.0093659945 0 0 0 0) - 1
#(0 0.012247839 0 0 0 0) - 1
#(0 0 0 0 0 0) - 0
#(0 0.010086455 0 0 0 0) - 1
#(0 0 0 0 0 0) - 0
#(0 0 0 0 0 0) - 0
#(0 0.10086455 0 0 0 0) - 1
#(0 0.13760807 0 0 0 0) - 1
#(0 0.10086455 0 0 0 0) - 1
#(0 0.13760807 0 0 0 0) - 1
#(0 0.043227665 0 0 0 0) - 1
#(0 0.025216138 0 0 0 0) - 1
#(0 0.11743516 0 0 0 0) - 1
#(0 0.041786745 0 0 0 0) - 1
#(0 0.07564841 0 0 0 0) - 1
#(0 0.10086455 0 0 0 0) - 1
#(0 0.13760807 0 0 0 0) - 1
#(0 0.10086455 0 0 0 0) - 1
#(0 0.028818443 0 0 0 0) - 1
#(0 0.074927956 0 0 0 0) - 1
#(0 0.04034582 0 0 0 0) - 1
#(0 0.08501441 0 0 0 0) - 1
#(0 0.074927956 0 0 0 0) - 1
#(0 0.038184438 0 0 0 0) - 1
#(0 0.12463977 0 0 0 0) - 1
#(0 0.034582134 0 0 0 0) - 1
#(0 0.063400574 0 0 0 0) - 1
#(0 0.067002885 0 0 0 0) - 1
#(0 0.050432276 0 0 0 0) - 1
#(0 0.024495678 0 0 0 0) - 1
#(0 0.047550432 0 0 0 0) - 1
#(0 0.030979827 0 0 0 0) - 1
#(0 0.030259365 0 0 0 0) - 1
#(0 0.047550432 0 0 0 0) - 1
#(0 0.05835735 0 0 0 0) - 1
#(0 0.042507205 0 0 0 0) - 1
#(0 0.068443805 0 0 0 0) - 1
#(0 0.07925072 0 0 0 0) - 1
#(0 0.04610951 0 0 0 0) - 1
#(0 0.061239194 0 0 0 0) - 1
#(0 0.046829972 0 0 0 0) - 1
#(0 0.011527377 0 0 0 0) - 1
#(0 0.054755043 0 0 0 0) - 1
#(0 0.017291067 0 0 0 0) - 1
#(0 0.02665706 0 0 0 0) - 1
#(0 0.010086455 0 0 0 0) - 1
#(0 0.007204611 0 0 0 0) - 1
#(0 0.1851585 0 0 0 0) - 1
#(0 0.17363112 0 0 0 0) - 1
#(0 0.031700287 0 0 0 0) - 1
#(0 0.021613833 0 0 0 0) - 1
#(0 0.1851585 0 0 0 0) - 1
#(0 0.17363112 0 0 0 0) - 1
#(0 0.036743514 0 0 0 0) - 1
#(0 0.034582134 0 0 0 0) - 1
#(0 0.016570605 0 0 0 0) - 1
#(0 0.028097983 0 0 0 0) - 1
#(0 0.17363112 0 0 0 0) - 1
#(0 0.17723343 0 0 0 0) - 1
#(0 0.034582134 0 0 0 0) - 1
#(0 0.02017291 0 0 0 0) - 1
#(0 0.17723343 0 0 0 0) - 1
#(0 0.16354467 0 0 0 0) - 1
#(0 0.034582134 0 0 0 0) - 1
#(0 0.0129683 0 0 0 0) - 1
#(0 0.0129683 0 0 0 0) - 1
#(0 0.17363112 0 0 0 0) - 1
#(0 0.08357349 0 0 0 0) - 1
#(0 0.012247839 0 0 0 0) - 1
#(0 0.017291067 0 0 0 0) - 1
#(0 0.17363112 0 0 0 0) - 1
#(0 0.08357349 0 0 0 0) - 1
#(0 0.024495678 0 0 0 0) - 1
#(0 0.023775216 0 0 0 0) - 1
#(0 0.055475503 0 0 0 0) - 1
#(0 0.06051873 0 0 0 0) - 1
#(0 0.0129683 0 0 0 0) - 1
#(0 0.007925072 0 0 0 0) - 1
#(0 0.010086455 0 0 0 0) - 1
#(0 0.019452449 0 0 0 0) - 1
#(0 0.042507205 0 0 0 0) - 1
#(0 0.012247839 0 0 0 0) - 1
#(0 0.018011527 0 0 0 0) - 1
#(0 0.0057636886 0 0 0 0) - 1
#(0 0.021613833 0 0 0 0) - 1
#(0 0.012247839 0 0 0 0) - 1
#(0 0.00648415 0 0 0 0) - 1
#(0 0.010086455 0 0 0 0) - 1
#(0 0.0129683 0 0 0 0) - 1
#(0 0.010806916 0 0 0 0) - 1
#(0 0.023775216 0 0 0 0) - 1
#(0 0.11095101 0 0 0 0) - 1
#(0 0.010806916 0 0 0 0) - 1
#(0 0.013688761 0 0 0 0) - 1
#(0 0.011527377 0 0 0 0) - 1
#(0 0.24135447 0 0 0 0) - 1
#(0 0.068443805 0 0 0 0) - 1
#(0 0.24135447 0 0 0 0) - 1
#(0 0.050432276 0 0 0 0) - 1
#(0 0.07204611 0 0 0 0) - 1
#(0 0.07420749 0 0 0 0) - 1
#(0 0.09870317 0 0 0 0) - 1
#(0 0.04106628 0 0 0 0) - 1
#(0 0.06412104 0 0 0 0) - 1
#(0 0.036023054 0 0 0 0) - 1
#(0 0.031700287 0 0 0 0) - 1
#(0 0.24135447 0 0 0 0) - 1
#(0 0.068443805 0 0 0 0) - 1
#(0 0.24135447 0 0 0 0) - 1
#(0 0.050432276 0 0 0 0) - 1
#(0 0.07204611 0 0 0 0) - 1
#(0 0.042507205 0 0 0 0) - 1
#(0 0.07204611 0 0 0 0) - 1
#(0 0.03386167 0 0 0 0) - 1
#(0 0.05835735 0 0 0 0) - 1
#(0 0.03314121 0 0 0 0) - 1
#(0 0.014409222 0 0 0 0) - 1
#(0 0.007204611 0 0 0 0) - 1
#(0 0.0129683 0 0 0 0) - 1
#(0 0.0028818443 0 0 0 0) - 1
#(0 0.00648415 0 0 0 0) - 1
#(0 0.0028818443 0 0 0 0) - 1
#(0 7.204611e-4 0 0 0 0) - 1
#(0 0.010806916 0 0 0 0) - 1
#(0 0.0014409221 0 0 0 0) - 1
#(0 0 0 0 0 0) - 0
#(0 0.0036023054 0 0 0 0) - 1
#(0 0.0014409221 0 0 0 0) - 1
#(0 0 0 0 0 0) - 0
#(0 0.0259366 0 0 0 0) - 1
#(0 0.0050432277 0 0 0 0) - 1
#(0 0.0021613834 0 0 0 0) - 1
#(0 0.0036023054 0 0 0 0) - 1
#(0 0 0 0 0 0) - 0
#(0 0.02665706 0 0 0 0) - 1
#(0 0.03386167 0 0 0 0) - 1
#(0 0.027377522 0 0 0 0) - 1
#(0 0.035302594 0 0 0 0) - 1
#(0 0.06556196 0 0 0 0) - 1
#(0 0.029538905 0 0 0 0) - 1
#(0 0.031700287 0 0 0 0) - 1
#(0 0.03386167 0 0 0 0) - 1
#(0 0.02017291 0 0 0 0) - 1
#(0 0.022334294 0 0 0 0) - 1
#(0 0.027377522 0 0 0 0) - 1
#(0 0.008645534 0 0 0 0) - 1
#(0 0.04034582 0 0 0 0) - 1
#(0 0.043227665 0 0 0 0) - 1
#(0 0.03242075 0 0 0 0) - 1
#(0 0.037463978 0 0 0 0) - 1
#(0 0.031700287 0 0 0 0) - 1
#(0 0.028818443 0 0 0 0) - 1
#(0 0.022334294 0 0 0 0) - 1
#(0 0.023054754 0 0 0 0) - 1
#(0 0.030259365 0 0 0 0) - 1
#(0 0.046829972 0 0 0 0) - 1
#(0 0.021613833 0 0 0 0) - 1
#(0 0.030259365 0 0 0 0) - 1
#(0 0.014409222 0 0 0 0) - 1
#(0 0.016570605 0 0 0 0) - 1
#(0 0.015129683 0 0 0 0) - 1
#(0 0.016570605 0 0 0 0) - 1
#(0 0.029538905 0 0 0 0) - 1
#(0 0.048991356 0 0 0 0) - 1
#(0 0.0057636886 0 0 0 0) - 1
#(0 0.0014409221 0 0 0 0) - 1
#(0 0.0014409221 0 0 0 0) - 1
#(0 0.0036023054 0 0 0 0) - 1
#(0 0.0093659945 0 0 0 0) - 1
#(0 0.0014409221 0 0 0 0) - 1
#(0 7.204611e-4 0 0 0 0) - 1
#(0 0.015850144 0 0 0 0) - 1
#(0 0.013688761 0 0 0 0) - 1
#(0 0.0036023054 0 0 0 0) - 1
#(0 7.204611e-4 0 0 0 0) - 1
#(0 0.0014409221 0 0 0 0) - 1
#(0 0.012247839 0 0 0 0) - 1
#(0 0 0 0 0 0) - 0
#(0 0.0014409221 0 0 0 0) - 1
#(0 0.018011527 0 0 0 0) - 1
#(0 0.08429395 0 0 0 0) - 1
#(0 0.1462536 0 0 0 0) - 1
#(0 0.090057634 0 0 0 0) - 1
#(0 0.12608069 0 0 0 0) - 1
#(0 0.1462536 0 0 0 0) - 1
#(0 0.0907781 0 0 0 0) - 1
#(0 0.13400577 0 0 0 0) - 1
#(0 0.036743514 0 0 0 0) - 1
#(0 0.08069164 0 0 0 0) - 1
#(0 0.035302594 0 0 0 0) - 1
#(0 0.05835735 0 0 0 0) - 1
#(0 0.048270892 0 0 0 0) - 1
#(0 0.046829972 0 0 0 0) - 1
#(0 0.16138329 0 0 0 0) - 1
#(0 0.090057634 0 0 0 0) - 1
#(0 0.13760807 0 0 0 0) - 1
#(0 0.06628242 0 0 0 0) - 1
#(0 0.087175794 0 0 0 0) - 1
#(0 0.085734874 0 0 0 0) - 1
#(0 0.020893373 0 0 0 0) - 1
#(0 0.043948125 0 0 0 0) - 1
#(0 0.027377522 0 0 0 0) - 1
#(0 0.0518732 0 0 0 0) - 1
#(0 0.06628242 0 0 0 0) - 1
#(0 0.056195967 0 0 0 0) - 1
#(0 0.07708934 0 0 0 0) - 1
#(0 0.05835735 0 0 0 0) - 1
#(0 0.054755043 0 0 0 0) - 1
#(0 0.025216138 0 0 0 0) - 1
#(0 0.04538905 0 0 0 0) - 1
#(0 0.06628242 0 0 0 0) - 1
#(0 0.071325645 0 0 0 0) - 1
#(0 0.0518732 0 0 0 0) - 1
#(0 0.071325645 0 0 0 0) - 1
#(0 0.08213256 0 0 0 0) - 1
#(0 0.03314121 0 0 0 0) - 1
#(0 0.03314121 0 0 0 0) - 1
#(0 0.090057634 0 0 0 0) - 1
#(0 0.023775216 0 0 0 0) - 1
#(0 0.06916427 0 0 0 0) - 1
#(0 0.05259366 0 0 0 0) - 1
#(0 0.02017291 0 0 0 0) - 1
#(0 0.03386167 0 0 0 0) - 1
#(0 0.019452449 0 0 0 0) - 1
#(0 0.015850144 0 0 0 0) - 1
#(0 0.023054754 0 0 0 0) - 1
#(0 0.0036023054 0 0 0 0) - 1
#(0 0.048270892 0 0 0 0) - 1
#(0 0.04538905 0 0 0 0) - 1
#(0 0.019452449 0 0 0 0) - 1
#(0 0.010806916 0 0 0 0) - 1
#(0 0.0028818443 0 0 0 0) - 1
#(0 0.0028818443 0 0 0 0) - 1
#(0 0.0028818443 0 0 0 0) - 1
#(0 0.0036023054 0 0 0 0) - 1
#(0 0.010806916 0 0 0 0) - 1
#(0 0.010806916 0 0 0 0) - 1
#(0 0.0129683 0 0 0 0) - 1
#(0 0.0028818443 0 0 0 0) - 1
#(0 0.0093659945 0 0 0 0) - 1
#(0 0.0028818443 0 0 0 0) - 1
#(0 0.015129683 0 0 0 0) - 1
#(0 0.0036023054 0 0 0 0) - 1
#(0 0.007204611 0 0 0 0) - 1
#(0 0.004322767 0 0 0 0) - 1
#(0 0.0028818443 0 0 0 0) - 1
#(0 0.0028818443 0 0 0 0) - 1
#(0 0.0028818443 0 0 0 0) - 1
#(0 7.204611e-4 0 0 0 0) - 1
#(0 0.004322767 0 0 0 0) - 1
#(0 0.0036023054 0 0 0 0) - 1
#(0 0.007204611 0 0 0 0) - 1
#(0 0.02017291 0 0 0 0) - 1
#(0 0.0028818443 0 0 0 0) - 1
#(0 0.004322767 0 0 0 0) - 1
#(0 0.0021613834 0 0 0 0) - 1
#(0 0.0021613834 0 0 0 0) - 1
#(0 0.0021613834 0 0 0 0) - 1
#(0 0.008645534 0 0 0 0) - 1
#(0 0.004322767 0 0 0 0) - 1
#(0 0.007204611 0 0 0 0) - 1
#(0 0.0021613834 0 0 0 0) - 1
#(0 0.0014409221 0 0 0 0) - 1
#(0 0.0028818443 0 0 0 0) - 1
#(0 0.0036023054 0 0 0 0) - 1
#(0 0.0014409221 0 0 0 0) - 1
#(0 0.0050432277 0 0 0 0) - 1
#(0 0.013688761 0 0 0 0) - 1
#(0 0.0021613834 0 0 0 0) - 1
#(0 0.007204611 0 0 0 0) - 1

Grupo 2
#(0 0 0.004837595 0 0 0) - 2
#(0 0 0.00829302 0 0 0) - 2
#(0 0 6.91085e-4 0 0 0) - 2
#(0 0 0.00276434 0 0 0) - 2
#(0 0 6.91085e-4 0 0 0) - 2
#(0 0 6.91085e-4 0 0 0) - 2
#(0 0 0.00138217 0 0 0) - 2
#(0 0 6.91085e-4 0 0 0) - 2
#(0 0 6.91085e-4 0 0 0) - 2
#(0 0 0.00829302 0 0 0) - 2
#(0 0 0.006219765 0 0 0) - 2
#(0 0 0.00829302 0 0 0) - 2
#(0 0 0.00552868 0 0 0) - 2
#(0 0 0.01105736 0 0 0) - 2
#(0 0 6.91085e-4 0 0 0) - 2
#(0 0 0 0 0 0) - 0
#(0 0 0.002073255 0 0 0) - 2
#(0 0 0.002073255 0 0 0) - 2
#(0 0 6.91085e-4 0 0 0) - 2
#(0 0 0 0 0 0) - 0
#(0 0 0.00276434 0 0 0) - 2
#(0 0 0.00276434 0 0 0) - 2
#(0 0 0 0 0 0) - 0
#(0 0 6.91085e-4 0 0 0) - 2
#(0 0 0 0 0 0) - 0
#(0 0 0.008984105 0 0 0) - 2
#(0 0 0.003455425 0 0 0) - 2
#(0 0 0 0 0 0) - 0
#(0 0 0.010366275 0 0 0) - 2
#(0 0 0.00967519 0 0 0) - 2
#(0 0 0.02211472 0 0 0) - 2
#(0 0 0.01105736 0 0 0) - 2
#(0 0 0.015894955 0 0 0) - 2
#(0 0 0.01796821 0 0 0) - 2
#(0 0 0.018659296 0 0 0) - 2
#(0 0 0.00691085 0 0 0) - 2
#(0 0 0.00414651 0 0 0) - 2
#(0 0 0.010366275 0 0 0) - 2
#(0 0 0 0 0 0) - 0
#(0 0 0.002073255 0 0 0) - 2
#(0 0 0 0 0 0) - 0
#(0 0 0.01105736 0 0 0) - 2
#(0 0 0.01935038 0 0 0) - 2
#(0 0 0.00967519 0 0 0) - 2
#(0 0 0.008984105 0 0 0) - 2
#(0 0 0.007601935 0 0 0) - 2
#(0 0 0.00691085 0 0 0) - 2
#(0 0 0.00691085 0 0 0) - 2
#(0 0 0.006219765 0 0 0) - 2
#(0 0 0.004837595 0 0 0) - 2
#(0 0 0.006219765 0 0 0) - 2
#(0 0 0.7201106 0 0 0) - 2
#(0 0 0.38562542 0 0 0) - 2
#(0 0 0.018659296 0 0 0) - 2
#(0 0 0.03040774 0 0 0) - 2
#(0 0 0.7201106 0 0 0) - 2
#(0 0 0.06979959 0 0 0) - 2
#(0 0 0.010366275 0 0 0) - 2
#(0 0 0.02211472 0 0 0) - 2
#(0 0 0.01105736 0 0 0) - 2
#(0 0 0.04837595 0 0 0) - 2
#(0 0 0.7201106 0 0 0) - 2
#(0 0 0.19557706 0 0 0) - 2
#(0 0 0.26123014 0 0 0) - 2
#(0 0 0.32480994 0 0 0) - 2
#(0 0 0.7187284 0 0 0) - 2
#(0 0 0.006219765 0 0 0) - 2
#(0 0 0.031098826 0 0 0) - 2
#(0 0 0.01243953 0 0 0) - 2
#(0 0 0.015894955 0 0 0) - 2
#(0 0 0.032480996 0 0 0) - 2
#(0 0 0.013130615 0 0 0) - 2
#(0 0 0.7201106 0 0 0) - 2
#(0 0 0.19557706 0 0 0) - 2
#(0 0 0.26123014 0 0 0) - 2
#(0 0 0.32480994 0 0 0) - 2
#(0 0 0.7187284 0 0 0) - 2
#(0 0 0.028334485 0 0 0) - 2
#(0 0 0.049067035 0 0 0) - 2
#(0 0 0.02626123 0 0 0) - 2
#(0 0 0.03317208 0 0 0) - 2
#(0 0 0.032480996 0 0 0) - 2
#(0 0 0.039391845 0 0 0) - 2
#(0 0 0.055977885 0 0 0) - 2
#(0 0 0.051831376 0 0 0) - 2
#(0 0 0.024187975 0 0 0) - 2
#(0 0 0.025570145 0 0 0) - 2
#(0 0 0.02349689 0 0 0) - 2
#(0 0 0.022805804 0 0 0) - 2
#(0 0 0.032480996 0 0 0) - 2
#(0 0 0.04699378 0 0 0) - 2
#(0 0 0.0414651 0 0 0) - 2
#(0 0 0.03040774 0 0 0) - 2
#(0 0 0.02626123 0 0 0) - 2
#(0 0 0.03455425 0 0 0) - 2
#(0 0 0.028334485 0 0 0) - 2
#(0 0 0.04008293 0 0 0) - 2
#(0 0 0.031098826 0 0 0) - 2
#(0 0 0.035245337 0 0 0) - 2
#(0 0 0.02902557 0 0 0) - 2
#(0 0 0.046302695 0 0 0) - 2
#(0 0 0.068417415 0 0 0) - 2
#(0 0 0.054595716 0 0 0) - 2
#(0 0 0.04422944 0 0 0) - 2
#(0 0 0.02626123 0 0 0) - 2
#(0 0 0.020041466 0 0 0) - 2
#(0 0 0.03870076 0 0 0) - 2
#(0 0 0.057360057 0 0 0) - 2
#(0 0 0.07671043 0 0 0) - 2
#(0 0 0.018659296 0 0 0) - 2
#(0 0 0.028334485 0 0 0) - 2
#(0 0 0.013130615 0 0 0) - 2
#(0 0 0.05252246 0 0 0) - 2
#(0 0 0.047684867 0 0 0) - 2
#(0 0 0.050449204 0 0 0) - 2
#(0 0 0.03731859 0 0 0) - 2
#(0 0 0.06565308 0 0 0) - 2
#(0 0 0.035245337 0 0 0) - 2
#(0 0 0.0138217 0 0 0) - 2
#(0 0 0.01243953 0 0 0) - 2
#(0 0 0.07118175 0 0 0) - 2
#(0 0 0.044920526 0 0 0) - 2
#(0 0 0.028334485 0 0 0) - 2
#(0 0 0.02349689 0 0 0) - 2
#(0 0 0.013130615 0 0 0) - 2
#(0 0 0.04561161 0 0 0) - 2
#(0 0 0.07049067 0 0 0) - 2
#(0 0 0.035245337 0 0 0) - 2
#(0 0 0.05114029 0 0 0) - 2
#(0 0 0.0276434 0 0 0) - 2
#(0 0 0.00276434 0 0 0) - 2
#(0 0 0.024187975 0 0 0) - 2
#(0 0 0.015894955 0 0 0) - 2
#(0 0 0.0138217 0 0 0) - 2
#(0 0 0.004837595 0 0 0) - 2
#(0 0 0.026952315 0 0 0) - 2
#(0 0 0.022805804 0 0 0) - 2
#(0 0 0.020041466 0 0 0) - 2
#(0 0 0.01243953 0 0 0) - 2
#(0 0 0.007601935 0 0 0) - 2
#(0 0 0.013130615 0 0 0) - 2
#(0 0 0.01105736 0 0 0) - 2
#(0 0 0.00552868 0 0 0) - 2
#(0 0 0.00276434 0 0 0) - 2
#(0 0 0.002073255 0 0 0) - 2
#(0 0 0.00276434 0 0 0) - 2
#(0 0 0.00552868 0 0 0) - 2
#(0 0 0.00552868 0 0 0) - 2
#(0 0 0.00552868 0 0 0) - 2
#(0 0 0.006219765 0 0 0) - 2
#(0 0 0.00967519 0 0 0) - 2
#(0 0 0.007601935 0 0 0) - 2
#(0 0 0.01935038 0 0 0) - 2
#(0 0 0.02211472 0 0 0) - 2
#(0 0 0.00967519 0 0 0) - 2
#(0 0 0.014512785 0 0 0) - 2
#(0 0 0.01520387 0 0 0) - 2
#(0 0 0.007601935 0 0 0) - 2
#(0 0 0.01520387 0 0 0) - 2
#(0 0 0.00829302 0 0 0) - 2
#(0 0 0.02211472 0 0 0) - 2
#(0 0 0.01658604 0 0 0) - 2
#(0 0 0.0138217 0 0 0) - 2
#(0 0 0.007601935 0 0 0) - 2
#(0 0 0.029716656 0 0 0) - 2
#(0 0 0.029716656 0 0 0) - 2
#(0 0 0.018659296 0 0 0) - 2
#(0 0 0.01520387 0 0 0) - 2
#(0 0 0.020041466 0 0 0) - 2
#(0 0 0.02349689 0 0 0) - 2
#(0 0 0.01935038 0 0 0) - 2
#(0 0 0.00829302 0 0 0) - 2
#(0 0 0.020041466 0 0 0) - 2
#(0 0 0 0 0 0) - 0
#(0 0 0.006219765 0 0 0) - 2
#(0 0 0 0 0 0) - 0
#(0 0 0.010366275 0 0 0) - 2
#(0 0 0.0138217 0 0 0) - 2
#(0 0 0.00276434 0 0 0) - 2
#(0 0 6.91085e-4 0 0 0) - 2
#(0 0 6.91085e-4 0 0 0) - 2
#(0 0 0.007601935 0 0 0) - 2
#(0 0 0.006219765 0 0 0) - 2
#(0 0 0.00967519 0 0 0) - 2
#(0 0 0.01105736 0 0 0) - 2
#(0 0 0.006219765 0 0 0) - 2
#(0 0 0.006219765 0 0 0) - 2
#(0 0 0.007601935 0 0 0) - 2
#(0 0 0.00829302 0 0 0) - 2
#(0 0 0.02487906 0 0 0) - 2
#(0 0 0.00967519 0 0 0) - 2
#(0 0 0.01658604 0 0 0) - 2
#(0 0 0.015894955 0 0 0) - 2
#(0 0 0.020041466 0 0 0) - 2
#(0 0 0.01243953 0 0 0) - 2
#(0 0 0.00691085 0 0 0) - 2
#(0 0 0.006219765 0 0 0) - 2
#(0 0 0.00414651 0 0 0) - 2
#(0 0 0.004837595 0 0 0) - 2
#(0 0 0.010366275 0 0 0) - 2
#(0 0 0.002073255 0 0 0) - 2
#(0 0 0.002073255 0 0 0) - 2
#(0 0 0 0 0 0) - 0
#(0 0 6.91085e-4 0 0 0) - 2
#(0 0 0.00552868 0 0 0) - 2
#(0 0 0.006219765 0 0 0) - 2
#(0 0 0.011748445 0 0 0) - 2
#(0 0 0.00691085 0 0 0) - 2
#(0 0 6.91085e-4 0 0 0) - 2
#(0 0 0.004837595 0 0 0) - 2
#(0 0 0.01105736 0 0 0) - 2
#(0 0 0.013130615 0 0 0) - 2
#(0 0 0.00414651 0 0 0) - 2
#(0 0 0.004837595 0 0 0) - 2
#(0 0 0.00414651 0 0 0) - 2
#(0 0 0.01105736 0 0 0) - 2
#(0 0 0.008984105 0 0 0) - 2
#(0 0 0.00414651 0 0 0) - 2
#(0 0 0.00276434 0 0 0) - 2
#(0 0 0.00414651 0 0 0) - 2
#(0 0 0.010366275 0 0 0) - 2
#(0 0 0.006219765 0 0 0) - 2
#(0 0 0.007601935 0 0 0) - 2
#(0 0 0.008984105 0 0 0) - 2
#(0 0 0.00276434 0 0 0) - 2
#(0 0 0.00691085 0 0 0) - 2
#(0 0 0.008984105 0 0 0) - 2
#(0 0 0.00691085 0 0 0) - 2
#(0 0 0.00276434 0 0 0) - 2
#(0 0 0.00414651 0 0 0) - 2
#(0 0 0 0 0 0) - 0
#(0 0 0.006219765 0 0 0) - 2
#(0 0 0.013130615 0 0 0) - 2
#(0 0 0.021423636 0 0 0) - 2
#(0 0 0.01935038 0 0 0) - 2
#(0 0 0.01243953 0 0 0) - 2
#(0 0 0 0 0 0) - 0
#(0 0 0 0 0 0) - 0
#(0 0 0 0 0 0) - 0
#(0 0 0 0 0 0) - 0
#(0 0 0 0 0 0) - 0
#(0 0 0 0 0 0) - 0
#(0 0 0.00138217 0 0 0) - 2
#(0 0 6.91085e-4 0 0 0) - 2
#(0 0 6.91085e-4 0 0 0) - 2
#(0 0 0.00967519 0 0 0) - 2
#(0 0 0.00829302 0 0 0) - 2
#(0 0 0.00691085 0 0 0) - 2
#(0 0 0.01105736 0 0 0) - 2
#(0 0 0.00829302 0 0 0) - 2
#(0 0 0.00829302 0 0 0) - 2
#(0 0 0.00829302 0 0 0) - 2
#(0 0 0.00691085 0 0 0) - 2
#(0 0 0.00967519 0 0 0) - 2
#(0 0 0.008984105 0 0 0) - 2

Grupo 3
#(0 0 0 0.007444169 0 0) - 3
#(0 0 0 0.009925558 0 0) - 3
#(0 0 0 0.007444169 0 0) - 3
#(0 0 0 0 0 0) - 0
#(0 0 0 0 0 0) - 0
#(0 0 0 0 0 0) - 0
#(0 0 0 0 0 0) - 0
#(0 0 0 0 0 0) - 0
#(0 0 0 0.014888338 0 0) - 3
#(0 0 0 0.074441686 0 0) - 3
#(0 0 0 0.019851116 0 0) - 3
#(0 0 0 0.004962779 0 0) - 3
#(0 0 0 0.012406948 0 0) - 3
#(0 0 0 0.022332506 0 0) - 3
#(0 0 0 0.017369727 0 0) - 3
#(0 0 0 0.019851116 0 0) - 3
#(0 0 0 0.0024813896 0 0) - 3
#(0 0 0 0.0024813896 0 0) - 3
#(0 0 0 0.027295286 0 0) - 3
#(0 0 0 0.032258064 0 0) - 3
#(0 0 0 0.009925558 0 0) - 3
#(0 0 0 0.004962779 0 0) - 3
#(0 0 0 0.007444169 0 0) - 3
#(0 0 0 0.004962779 0 0) - 3
#(0 0 0 0.012406948 0 0) - 3
#(0 0 0 0.009925558 0 0) - 3
#(0 0 0 0.022332506 0 0) - 3
#(0 0 0 0.027295286 0 0) - 3
#(0 0 0 0.029776676 0 0) - 3
#(0 0 0 0.029776676 0 0) - 3
#(0 0 0 0.022332506 0 0) - 3
#(0 0 0 0.019851116 0 0) - 3
#(0 0 0 0.049627792 0 0) - 3
#(0 0 0 0.022332506 0 0) - 3
#(0 0 0 0.032258064 0 0) - 3
#(0 0 0 0.019851116 0 0) - 3
#(0 0 0 0.042183623 0 0) - 3
#(0 0 0 0.017369727 0 0) - 3
#(0 0 0 0.029776676 0 0) - 3
#(0 0 0 0.019851116 0 0) - 3
#(0 0 0 0.029776676 0 0) - 3
#(0 0 0 0.05459057 0 0) - 3
#(0 0 0 0.032258064 0 0) - 3
#(0 0 0 0.027295286 0 0) - 3
#(0 0 0 0.014888338 0 0) - 3
#(0 0 0 0.007444169 0 0) - 3
#(0 0 0 0.007444169 0 0) - 3
#(0 0 0 0.037220843 0 0) - 3
#(0 0 0 0.0024813896 0 0) - 3
#(0 0 0 0.017369727 0 0) - 3
#(0 0 0 0.0024813896 0 0) - 3
#(0 0 0 0.009925558 0 0) - 3
#(0 0 0 0.014888338 0 0) - 3
#(0 0 0 0.11662531 0 0) - 3
#(0 0 0 0.08684864 0 0) - 3
#(0 0 0 0.12655087 0 0) - 3
#(0 0 0 0.089330025 0 0) - 3
#(0 0 0 0.049627792 0 0) - 3
#(0 0 0 0.10918114 0 0) - 3
#(0 0 0 0.12406948 0 0) - 3
#(0 0 0 0.104218364 0 0) - 3
#(0 0 0 0.12655087 0 0) - 3
#(0 0 0 0.032258064 0 0) - 3
#(0 0 0 0.08684864 0 0) - 3
#(0 0 0 0.06947891 0 0) - 3
#(0 0 0 0.099255584 0 0) - 3
#(0 0 0 0.0719603 0 0) - 3
#(0 0 0 0.104218364 0 0) - 3
#(0 0 0 0.084367245 0 0) - 3
#(0 0 0 0.11166253 0 0) - 3
#(0 0 0 0.10918114 0 0) - 3
#(0 0 0 0.047146402 0 0) - 3
#(0 0 0 0.014888338 0 0) - 3
#(0 0 0 0.009925558 0 0) - 3
#(0 0 0 0.034739453 0 0) - 3
#(0 0 0 0.079404466 0 0) - 3
#(0 0 0 0.06699752 0 0) - 3
#(0 0 0 0.06947891 0 0) - 3
#(0 0 0 0.05707196 0 0) - 3
#(0 0 0 0.05459057 0 0) - 3
#(0 0 0 0.079404466 0 0) - 3
#(0 0 0 0.10918114 0 0) - 3
#(0 0 0 0.09677419 0 0) - 3
#(0 0 0 0.10918114 0 0) - 3
#(0 0 0 0.15136476 0 0) - 3
#(0 0 0 0.089330025 0 0) - 3
#(0 0 0 0.07692308 0 0) - 3
#(0 0 0 0.05459057 0 0) - 3
#(0 0 0 0.06203474 0 0) - 3
#(0 0 0 0.044665013 0 0) - 3
#(0 0 0 0.079404466 0 0) - 3
#(0 0 0 0.029776676 0 0) - 3
#(0 0 0 0.027295286 0 0) - 3
#(0 0 0 0.024813896 0 0) - 3
#(0 0 0 0.004962779 0 0) - 3
#(0 0 0 0.034739453 0 0) - 3
#(0 0 0 0.042183623 0 0) - 3
#(0 0 0 0 0 0) - 0
#(0 0 0 0.012406948 0 0) - 3
#(0 0 0 0.027295286 0 0) - 3
#(0 0 0 0.012406948 0 0) - 3
#(0 0 0 0.019851116 0 0) - 3
#(0 0 0 0.019851116 0 0) - 3
#(0 0 0 0.009925558 0 0) - 3
#(0 0 0 0.0024813896 0 0) - 3
#(0 0 0 0.0024813896 0 0) - 3
#(0 0 0 0.009925558 0 0) - 3
#(0 0 0 0.032258064 0 0) - 3
#(0 0 0 0.004962779 0 0) - 3
#(0 0 0 0.039702233 0 0) - 3
#(0 0 0 0.027295286 0 0) - 3
#(0 0 0 0.0024813896 0 0) - 3
#(0 0 0 0.012406948 0 0) - 3
#(0 0 0 0.014888338 0 0) - 3
#(0 0 0 0 0 0) - 0
#(0 0 0 0.009925558 0 0) - 3
#(0 0 0 0.037220843 0 0) - 3
#(0 0 0 0.027295286 0 0) - 3
#(0 0 0 0.012406948 0 0) - 3
#(0 0 0 0.004962779 0 0) - 3
#(0 0 0 0.089330025 0 0) - 3
#(0 0 0 0.1191067 0 0) - 3
#(0 0 0 0.10918114 0 0) - 3
#(0 0 0 0.13647643 0 0) - 3
#(0 0 0 0.1414392 0 0) - 3
#(0 0 0 0.044665013 0 0) - 3
#(0 0 0 0.06203474 0 0) - 3
#(0 0 0 0.0719603 0 0) - 3
#(0 0 0 0.05459057 0 0) - 3
#(0 0 0 0.084367245 0 0) - 3
#(0 0 0 0.13151364 0 0) - 3
#(0 0 0 0.05707196 0 0) - 3
#(0 0 0 0.06947891 0 0) - 3
#(0 0 0 0.049627792 0 0) - 3
#(0 0 0 0.06947891 0 0) - 3
#(0 0 0 0.009925558 0 0) - 3
#(0 0 0 0.037220843 0 0) - 3
#(0 0 0 0.029776676 0 0) - 3
#(0 0 0 0.032258064 0 0) - 3
#(0 0 0 0.009925558 0 0) - 3
#(0 0 0 0.049627792 0 0) - 3
#(0 0 0 0.06203474 0 0) - 3
#(0 0 0 0.05707196 0 0) - 3
#(0 0 0 0.13647643 0 0) - 3
#(0 0 0 0.1414392 0 0) - 3
#(0 0 0 0.034739453 0 0) - 3
#(0 0 0 0.06203474 0 0) - 3
#(0 0 0 0.049627792 0 0) - 3
#(0 0 0 0.05459057 0 0) - 3
#(0 0 0 0.089330025 0 0) - 3
#(0 0 0 0.13151364 0 0) - 3
#(0 0 0 0.089330025 0 0) - 3
#(0 0 0 0.074441686 0 0) - 3
#(0 0 0 0.06451613 0 0) - 3
#(0 0 0 0.05955335 0 0) - 3
#(0 0 0 0.06699752 0 0) - 3
#(0 0 0 0.044665013 0 0) - 3
#(0 0 0 0.05707196 0 0) - 3
#(0 0 0 0.05459057 0 0) - 3
#(0 0 0 0.039702233 0 0) - 3
#(0 0 0 0.027295286 0 0) - 3
#(0 0 0 0.037220843 0 0) - 3
#(0 0 0 0.042183623 0 0) - 3
#(0 0 0 0.017369727 0 0) - 3
#(0 0 0 0.039702233 0 0) - 3
#(0 0 0 0.042183623 0 0) - 3
#(0 0 0 0.047146402 0 0) - 3
#(0 0 0 0.047146402 0 0) - 3
#(0 0 0 0.05955335 0 0) - 3
#(0 0 0 0.06699752 0 0) - 3
#(0 0 0 0.044665013 0 0) - 3
#(0 0 0 0.039702233 0 0) - 3
#(0 0 0 0.05707196 0 0) - 3
#(0 0 0 0.06699752 0 0) - 3
#(0 0 0 0.029776676 0 0) - 3
#(0 0 0 0.032258064 0 0) - 3
#(0 0 0 0.044665013 0 0) - 3
#(0 0 0 0.06451613 0 0) - 3
#(0 0 0 0.044665013 0 0) - 3
#(0 0 0 0.099255584 0 0) - 3
#(0 0 0 0.05707196 0 0) - 3
#(0 0 0 0.037220843 0 0) - 3
#(0 0 0 0.047146402 0 0) - 3
#(0 0 0 0.047146402 0 0) - 3
#(0 0 0 0.042183623 0 0) - 3
#(0 0 0 0.034739453 0 0) - 3
#(0 0 0 0.034739453 0 0) - 3
#(0 0 0 0.11166253 0 0) - 3
#(0 0 0 0.08684864 0 0) - 3
#(0 0 0 0.06203474 0 0) - 3
#(0 0 0 0.0719603 0 0) - 3
#(0 0 0 0.05459057 0 0) - 3
#(0 0 0 0.089330025 0 0) - 3
#(0 0 0 0.05459057 0 0) - 3
#(0 0 0 0.034739453 0 0) - 3
#(0 0 0 0.049627792 0 0) - 3
#(0 0 0 0.06699752 0 0) - 3
#(0 0 0 0.06699752 0 0) - 3
#(0 0 0 0.044665013 0 0) - 3
#(0 0 0 0.039702233 0 0) - 3
#(0 0 0 0.007444169 0 0) - 3
#(0 0 0 0.004962779 0 0) - 3
#(0 0 0 0.007444169 0 0) - 3
#(0 0 0 0.012406948 0 0) - 3
#(0 0 0 0 0 0) - 0
#(0 0 0 0.029776676 0 0) - 3
#(0 0 0 0.017369727 0 0) - 3
#(0 0 0 0.007444169 0 0) - 3
#(0 0 0 0.027295286 0 0) - 3
