
Grupo 0
#(0.097536944 0 0 0 0 0) - 0
#(0.037438422 0 0 0 0 0) - 0
#(0.06305419 0 0 0 0 0) - 0
#(0.019704433 0 0 0 0 0) - 0
#(0.032512315 0 0 0 0 0) - 0
#(0.036453202 0 0 0 0 0) - 0
#(0.05221675 0 0 0 0 0) - 0
#(0.0817734 0 0 0 0 0) - 0
#(0.01674877 0 0 0 0 0) - 0
#(0.003940887 0 0 0 0 0) - 0
#(0.031527095 0 0 0 0 0) - 0
#(0.03349754 0 0 0 0 0) - 0
#(0.022660099 0 0 0 0 0) - 0
#(0.01182266 0 0 0 0 0) - 0
#(0.025615763 0 0 0 0 0) - 0
#(0.01182266 0 0 0 0 0) - 0
#(0.014778325 0 0 0 0 0) - 0
#(0.1724138 0 0 0 0 0) - 0
#(0.21576355 0 0 0 0 0) - 0
#(0.1724138 0 0 0 0 0) - 0
#(0.21576355 0 0 0 0 0) - 0
#(0.0679803 0 0 0 0 0) - 0
#(0.0591133 0 0 0 0 0) - 0
#(0.11133005 0 0 0 0 0) - 0
#(0.093596056 0 0 0 0 0) - 0
#(0.2226601 0 0 0 0 0) - 0
#(0.1724138 0 0 0 0 0) - 0
#(0.21576355 0 0 0 0 0) - 0
#(0.1724138 0 0 0 0 0) - 0
#(0.07783251 0 0 0 0 0) - 0
#(0.19408867 0 0 0 0 0) - 0
#(0.056157634 0 0 0 0 0) - 0
#(0.22364531 0 0 0 0 0) - 0
#(0.11034483 0 0 0 0 0) - 0
#(0.06403941 0 0 0 0 0) - 0
#(0.098522164 0 0 0 0 0) - 0
#(0.024630541 0 0 0 0 0) - 0
#(0.061083745 0 0 0 0 0) - 0
#(0.06699508 0 0 0 0 0) - 0
#(0.051231526 0 0 0 0 0) - 0
#(0.022660099 0 0 0 0 0) - 0
#(0.04039409 0 0 0 0 0) - 0
#(0.025615763 0 0 0 0 0) - 0
#(0.026600985 0 0 0 0 0) - 0
#(0.043349754 0 0 0 0 0) - 0
#(0.045320198 0 0 0 0 0) - 0
#(0.03546798 0 0 0 0 0) - 0
#(0.06699508 0 0 0 0 0) - 0
#(0.06896552 0 0 0 0 0) - 0
#(0.025615763 0 0 0 0 0) - 0
#(0.028571429 0 0 0 0 0) - 0
#(0.051231526 0 0 0 0 0) - 0
#(0.0068965517 0 0 0 0 0) - 0
#(0.093596056 0 0 0 0 0) - 0
#(0.018719211 0 0 0 0 0) - 0
#(0.014778325 0 0 0 0 0) - 0
#(0.024630541 0 0 0 0 0) - 0
#(0.0068965517 0 0 0 0 0) - 0
#(0.2817734 0 0 0 0 0) - 0
#(0.28374383 0 0 0 0 0) - 0
#(0.051231526 0 0 0 0 0) - 0
#(0.06502463 0 0 0 0 0) - 0
#(0.2817734 0 0 0 0 0) - 0
#(0.28374383 0 0 0 0 0) - 0
#(0.06995074 0 0 0 0 0) - 0
#(0.08768473 0 0 0 0 0) - 0
#(0.057142857 0 0 0 0 0) - 0
#(0.07881773 0 0 0 0 0) - 0
#(0.21083744 0 0 0 0 0) - 0
#(0.22561577 0 0 0 0 0) - 0
#(0.08669951 0 0 0 0 0) - 0
#(0.061083745 0 0 0 0 0) - 0
#(0.22561577 0 0 0 0 0) - 0
#(0.2 0 0 0 0 0) - 0
#(0.08669951 0 0 0 0 0) - 0
#(0.03448276 0 0 0 0 0) - 0
#(0.03448276 0 0 0 0 0) - 0
#(0.28374383 0 0 0 0 0) - 0
#(0.17931035 0 0 0 0 0) - 0
#(0.071921185 0 0 0 0 0) - 0
#(0.10640394 0 0 0 0 0) - 0
#(0.28374383 0 0 0 0 0) - 0
#(0.17931035 0 0 0 0 0) - 0
#(0.098522164 0 0 0 0 0) - 0
#(0.10837439 0 0 0 0 0) - 0
#(0.10147783 0 0 0 0 0) - 0
#(0.0679803 0 0 0 0 0) - 0
#(0.019704433 0 0 0 0 0) - 0
#(0 0 0 0 0 0) - 0
#(0.024630541 0 0 0 0 0) - 0
#(0.022660099 0 0 0 0 0) - 0
#(0.051231526 0 0 0 0 0) - 0
#(0.021674877 0 0 0 0 0) - 0
#(0.049261082 0 0 0 0 0) - 0
#(0.019704433 0 0 0 0 0) - 0
#(0.018719211 0 0 0 0 0) - 0
#(0.01182266 0 0 0 0 0) - 0
#(0.003940887 0 0 0 0 0) - 0
#(0.0068965517 0 0 0 0 0) - 0
#(0.014778325 0 0 0 0 0) - 0
#(0.007881774 0 0 0 0 0) - 0
#(0.04236453 0 0 0 0 0) - 0
#(0.13004926 0 0 0 0 0) - 0
#(0.003940887 0 0 0 0 0) - 0
#(0.024630541 0 0 0 0 0) - 0
#(0 0 0 0 0 0) - 0
#(0.1724138 0 0 0 0 0) - 0
#(0.055172414 0 0 0 0 0) - 0
#(0.1724138 0 0 0 0 0) - 0
#(0.045320198 0 0 0 0 0) - 0
#(0.051231526 0 0 0 0 0) - 0
#(0.06502463 0 0 0 0 0) - 0
#(0.11034483 0 0 0 0 0) - 0
#(0.037438422 0 0 0 0 0) - 0
#(0.07093596 0 0 0 0 0) - 0
#(0.036453202 0 0 0 0 0) - 0
#(0.022660099 0 0 0 0 0) - 0
#(0.1724138 0 0 0 0 0) - 0
#(0.055172414 0 0 0 0 0) - 0
#(0.1724138 0 0 0 0 0) - 0
#(0.045320198 0 0 0 0 0) - 0
#(0.051231526 0 0 0 0 0) - 0
#(0.05221675 0 0 0 0 0) - 0
#(0.051231526 0 0 0 0 0) - 0
#(0.051231526 0 0 0 0 0) - 0
#(0.072906405 0 0 0 0 0) - 0
#(0.026600985 0 0 0 0 0) - 0
#(0.01773399 0 0 0 0 0) - 0
#(0.013793103 0 0 0 0 0) - 0
#(0.014778325 0 0 0 0 0) - 0
#(0.013793103 0 0 0 0 0) - 0
#(0.015763547 0 0 0 0 0) - 0
#(0.013793103 0 0 0 0 0) - 0
#(0.01674877 0 0 0 0 0) - 0
#(0.020689655 0 0 0 0 0) - 0
#(0.015763547 0 0 0 0 0) - 0
#(0.012807881 0 0 0 0 0) - 0
#(0.019704433 0 0 0 0 0) - 0
#(0.0108374385 0 0 0 0 0) - 0
#(0.009852217 0 0 0 0 0) - 0
#(0.013793103 0 0 0 0 0) - 0
#(0.027586207 0 0 0 0 0) - 0
#(0.014778325 0 0 0 0 0) - 0
#(0.012807881 0 0 0 0 0) - 0
#(0.0108374385 0 0 0 0 0) - 0
#(0.02364532 0 0 0 0 0) - 0
#(0.04137931 0 0 0 0 0) - 0
#(0.01674877 0 0 0 0 0) - 0
#(0.02364532 0 0 0 0 0) - 0
#(0.03546798 0 0 0 0 0) - 0
#(0.028571429 0 0 0 0 0) - 0
#(0.027586207 0 0 0 0 0) - 0
#(0.028571429 0 0 0 0 0) - 0
#(0.021674877 0 0 0 0 0) - 0
#(0.022660099 0 0 0 0 0) - 0
#(0.022660099 0 0 0 0 0) - 0
#(0.009852217 0 0 0 0 0) - 0
#(0.025615763 0 0 0 0 0) - 0
#(0.031527095 0 0 0 0 0) - 0
#(0.027586207 0 0 0 0 0) - 0
#(0.024630541 0 0 0 0 0) - 0
#(0.030541873 0 0 0 0 0) - 0
#(0.009852217 0 0 0 0 0) - 0
#(0.019704433 0 0 0 0 0) - 0
#(0.01773399 0 0 0 0 0) - 0
#(0.022660099 0 0 0 0 0) - 0
#(0.024630541 0 0 0 0 0) - 0
#(0.01182266 0 0 0 0 0) - 0
#(0.02364532 0 0 0 0 0) - 0
#(0.012807881 0 0 0 0 0) - 0
#(0.007881774 0 0 0 0 0) - 0
#(0.046305418 0 0 0 0 0) - 0
#(0.01182266 0 0 0 0 0) - 0
#(0.050246306 0 0 0 0 0) - 0
#(0.05320197 0 0 0 0 0) - 0
#(9.852217e-4 0 0 0 0 0) - 0
#(0.0049261083 0 0 0 0 0) - 0
#(0.002955665 0 0 0 0 0) - 0
#(0.007881774 0 0 0 0 0) - 0
#(0.026600985 0 0 0 0 0) - 0
#(0.0019704434 0 0 0 0 0) - 0
#(0.0019704434 0 0 0 0 0) - 0
#(0.009852217 0 0 0 0 0) - 0
#(0.0068965517 0 0 0 0 0) - 0
#(0.002955665 0 0 0 0 0) - 0
#(0 0 0 0 0 0) - 0
#(0.008866995 0 0 0 0 0) - 0
#(0 0 0 0 0 0) - 0
#(9.852217e-4 0 0 0 0 0) - 0
#(0.002955665 0 0 0 0 0) - 0
#(0 0 0 0 0 0) - 0
#(0.06699508 0 0 0 0 0) - 0
#(0.19310345 0 0 0 0 0) - 0
#(0.13300492 0 0 0 0 0) - 0
#(0.20098522 0 0 0 0 0) - 0
#(0.19310345 0 0 0 0 0) - 0
#(0.15270936 0 0 0 0 0) - 0
#(0.19211823 0 0 0 0 0) - 0
#(0.06009852 0 0 0 0 0) - 0
#(0.12315271 0 0 0 0 0) - 0
#(0.056157634 0 0 0 0 0) - 0
#(0.116256155 0 0 0 0 0) - 0
#(0.07684729 0 0 0 0 0) - 0
#(0.06699508 0 0 0 0 0) - 0
#(0.2049261 0 0 0 0 0) - 0
#(0.13300492 0 0 0 0 0) - 0
#(0.22167487 0 0 0 0 0) - 0
#(0.071921185 0 0 0 0 0) - 0
#(0.12019704 0 0 0 0 0) - 0
#(0.10640394 0 0 0 0 0) - 0
#(0.03448276 0 0 0 0 0) - 0
#(0.10147783 0 0 0 0 0) - 0
#(0.048275862 0 0 0 0 0) - 0
#(0.061083745 0 0 0 0 0) - 0
#(0.046305418 0 0 0 0 0) - 0
#(0.06600985 0 0 0 0 0) - 0
#(0.054187194 0 0 0 0 0) - 0
#(0.058128078 0 0 0 0 0) - 0
#(0.04137931 0 0 0 0 0) - 0
#(0.02364532 0 0 0 0 0) - 0
#(0.043349754 0 0 0 0 0) - 0
#(0.046305418 0 0 0 0 0) - 0
#(0.06009852 0 0 0 0 0) - 0
#(0.031527095 0 0 0 0 0) - 0
#(0.06305419 0 0 0 0 0) - 0
#(0.04039409 0 0 0 0 0) - 0
#(0.031527095 0 0 0 0 0) - 0
#(0.037438422 0 0 0 0 0) - 0
#(0.08275862 0 0 0 0 0) - 0
#(0.01674877 0 0 0 0 0) - 0
#(0.07093596 0 0 0 0 0) - 0
#(0.05320197 0 0 0 0 0) - 0
#(0.02364532 0 0 0 0 0) - 0
#(0.022660099 0 0 0 0 0) - 0
#(0.026600985 0 0 0 0 0) - 0
#(0.01773399 0 0 0 0 0) - 0
#(0.027586207 0 0 0 0 0) - 0
#(0.012807881 0 0 0 0 0) - 0
#(0.049261082 0 0 0 0 0) - 0
#(0.048275862 0 0 0 0 0) - 0
#(0.008866995 0 0 0 0 0) - 0
#(0.009852217 0 0 0 0 0) - 0
#(0.007881774 0 0 0 0 0) - 0
#(0.012807881 0 0 0 0 0) - 0
#(0.013793103 0 0 0 0 0) - 0
#(0.0049261083 0 0 0 0 0) - 0
#(0.013793103 0 0 0 0 0) - 0
#(0.0108374385 0 0 0 0 0) - 0
#(0.027586207 0 0 0 0 0) - 0
#(0.014778325 0 0 0 0 0) - 0
#(0.007881774 0 0 0 0 0) - 0
#(0.013793103 0 0 0 0 0) - 0
#(0.015763547 0 0 0 0 0) - 0
#(0.012807881 0 0 0 0 0) - 0
#(0.003940887 0 0 0 0 0) - 0
#(9.852217e-4 0 0 0 0 0) - 0
#(0.015763547 0 0 0 0 0) - 0
#(0.0068965517 0 0 0 0 0) - 0
#(0.013793103 0 0 0 0 0) - 0
#(0.013793103 0 0 0 0 0) - 0
#(0.013793103 0 0 0 0 0) - 0
#(0.025615763 0 0 0 0 0) - 0
#(0.01182266 0 0 0 0 0) - 0
#(0.0049261083 0 0 0 0 0) - 0
#(0.007881774 0 0 0 0 0) - 0
#(0.0108374385 0 0 0 0 0) - 0
#(0.0068965517 0 0 0 0 0) - 0
#(0.00591133 0 0 0 0 0) - 0
#(0.00591133 0 0 0 0 0) - 0
#(0.020689655 0 0 0 0 0) - 0
#(0.01182266 0 0 0 0 0) - 0
#(0.008866995 0 0 0 0 0) - 0
#(0.01182266 0 0 0 0 0) - 0
#(0.015763547 0 0 0 0 0) - 0
#(0.007881774 0 0 0 0 0) - 0
#(0.00591133 0 0 0 0 0) - 0
#(0.015763547 0 0 0 0 0) - 0
#(0.028571429 0 0 0 0 0) - 0
#(0.025615763 0 0 0 0 0) - 0
#(0.014778325 0 0 0 0 0) - 0
#(0.015763547 0 0 0 0 0) - 0

Grupo 1
#(0 0.006802721 0 0 0 0) - 1
#(0 0.006802721 0 0 0 0) - 1
#(0 0 0 0 0 0) - 0
#(0 0 0 0 0 0) - 0
#(0 0 0 0 0 0) - 0
#(0 0 0 0 0 0) - 0
#(0 0 0 0 0 0) - 0
#(0 0.009070295 0 0 0 0) - 1
#(0 0 0 0 0 0) - 0
#(0 0.011337869 0 0 0 0) - 1
#(0 0.006802721 0 0 0 0) - 1
#(0 0.011337869 0 0 0 0) - 1
#(0 0.009070295 0 0 0 0) - 1
#(0 0.015873017 0 0 0 0) - 1
#(0 0 0 0 0 0) - 0
#(0 0 0 0 0 0) - 0
#(0 0 0 0 0 0) - 0
#(0 0 0 0 0 0) - 0
#(0 0 0 0 0 0) - 0
#(0 0 0 0 0 0) - 0
#(0 0 0 0 0 0) - 0
#(0 0.0045351475 0 0 0 0) - 1
#(0 0 0 0 0 0) - 0
#(0 0 0 0 0 0) - 0
#(0 0 0 0 0 0) - 0
#(0 0.011337869 0 0 0 0) - 1
#(0 0.006802721 0 0 0 0) - 1
#(0 0 0 0 0 0) - 0
#(0 0.011337869 0 0 0 0) - 1
#(0 0.011337869 0 0 0 0) - 1
#(0 0.006802721 0 0 0 0) - 1
#(0 0.01814059 0 0 0 0) - 1
#(0 0.015873017 0 0 0 0) - 1
#(0 0.01814059 0 0 0 0) - 1
#(0 0.02494331 0 0 0 0) - 1
#(0 0.027210884 0 0 0 0) - 1
#(0 0 0 0 0 0) - 0
#(0 0 0 0 0 0) - 0
#(0 0 0 0 0 0) - 0
#(0 0 0 0 0 0) - 0
#(0 0 0 0 0 0) - 0
#(0 0.020408163 0 0 0 0) - 1
#(0 0.031746034 0 0 0 0) - 1
#(0 0.015873017 0 0 0 0) - 1
#(0 0.020408163 0 0 0 0) - 1
#(0 0.02494331 0 0 0 0) - 1
#(0 0.01814059 0 0 0 0) - 1
#(0 0.015873017 0 0 0 0) - 1
#(0 0.015873017 0 0 0 0) - 1
#(0 0.009070295 0 0 0 0) - 1
#(0 0.013605442 0 0 0 0) - 1
#(0 0.6507937 0 0 0 0) - 1
#(0 0.5782313 0 0 0 0) - 1
#(0 0.17006803 0 0 0 0) - 1
#(0 0.2154195 0 0 0 0) - 1
#(0 0.6507937 0 0 0 0) - 1
#(0 0.3469388 0 0 0 0) - 1
#(0 0.04761905 0 0 0 0) - 1
#(0 0.108843535 0 0 0 0) - 1
#(0 0.04988662 0 0 0 0) - 1
#(0 0.18820861 0 0 0 0) - 1
#(0 0.6507937 0 0 0 0) - 1
#(0 0.5260771 0 0 0 0) - 1
#(0 0.23129252 0 0 0 0) - 1
#(0 0.5442177 0 0 0 0) - 1
#(0 0.6507937 0 0 0 0) - 1
#(0 0.02494331 0 0 0 0) - 1
#(0 0.0952381 0 0 0 0) - 1
#(0 0.03628118 0 0 0 0) - 1
#(0 0.058956917 0 0 0 0) - 1
#(0 0.07256236 0 0 0 0) - 1
#(0 0.038548753 0 0 0 0) - 1
#(0 0.6507937 0 0 0 0) - 1
#(0 0.5260771 0 0 0 0) - 1
#(0 0.23129252 0 0 0 0) - 1
#(0 0.5442177 0 0 0 0) - 1
#(0 0.6507937 0 0 0 0) - 1
#(0 0.11564626 0 0 0 0) - 1
#(0 0.11337868 0 0 0 0) - 1
#(0 0.045351475 0 0 0 0) - 1
#(0 0.07482993 0 0 0 0) - 1
#(0 0.077097505 0 0 0 0) - 1
#(0 0.07936508 0 0 0 0) - 1
#(0 0.117913835 0 0 0 0) - 1
#(0 0.11111111 0 0 0 0) - 1
#(0 0.034013607 0 0 0 0) - 1
#(0 0.0430839 0 0 0 0) - 1
#(0 0.058956917 0 0 0 0) - 1
#(0 0.04988662 0 0 0 0) - 1
#(0 0.0861678 0 0 0 0) - 1
#(0 0.0952381 0 0 0 0) - 1
#(0 0.09297052 0 0 0 0) - 1
#(0 0.077097505 0 0 0 0) - 1
#(0 0.06575964 0 0 0 0) - 1
#(0 0.07482993 0 0 0 0) - 1
#(0 0.05668934 0 0 0 0) - 1
#(0 0.0952381 0 0 0 0) - 1
#(0 0.08163265 0 0 0 0) - 1
#(0 0.08163265 0 0 0 0) - 1
#(0 0.07256236 0 0 0 0) - 1
#(0 0.13151927 0 0 0 0) - 1
#(0 0.13378684 0 0 0 0) - 1
#(0 0.12698413 0 0 0 0) - 1
#(0 0.09070295 0 0 0 0) - 1
#(0 0.06122449 0 0 0 0) - 1
#(0 0.040816326 0 0 0 0) - 1
#(0 0.07029478 0 0 0 0) - 1
#(0 0.15419501 0 0 0 0) - 1
#(0 0.18820861 0 0 0 0) - 1
#(0 0.040816326 0 0 0 0) - 1
#(0 0.07256236 0 0 0 0) - 1
#(0 0.031746034 0 0 0 0) - 1
#(0 0.11564626 0 0 0 0) - 1
#(0 0.117913835 0 0 0 0) - 1
#(0 0.12698413 0 0 0 0) - 1
#(0 0.07936508 0 0 0 0) - 1
#(0 0.120181404 0 0 0 0) - 1
#(0 0.054421768 0 0 0 0) - 1
#(0 0.022675738 0 0 0 0) - 1
#(0 0.020408163 0 0 0 0) - 1
#(0 0.17687075 0 0 0 0) - 1
#(0 0.0861678 0 0 0 0) - 1
#(0 0.054421768 0 0 0 0) - 1
#(0 0.038548753 0 0 0 0) - 1
#(0 0.015873017 0 0 0 0) - 1
#(0 0.10430839 0 0 0 0) - 1
#(0 0.1292517 0 0 0 0) - 1
#(0 0.07482993 0 0 0 0) - 1
#(0 0.13151927 0 0 0 0) - 1
#(0 0.02494331 0 0 0 0) - 1
#(0 0.0045351475 0 0 0 0) - 1
#(0 0.027210884 0 0 0 0) - 1
#(0 0.011337869 0 0 0 0) - 1
#(0 0.011337869 0 0 0 0) - 1
#(0 0.009070295 0 0 0 0) - 1
#(0 0.01814059 0 0 0 0) - 1
#(0 0.020408163 0 0 0 0) - 1
#(0 0.01814059 0 0 0 0) - 1
#(0 0.052154195 0 0 0 0) - 1
#(0 0.013605442 0 0 0 0) - 1
#(0 0.06575964 0 0 0 0) - 1
#(0 0.045351475 0 0 0 0) - 1
#(0 0.011337869 0 0 0 0) - 1
#(0 0.009070295 0 0 0 0) - 1
#(0 0.006802721 0 0 0 0) - 1
#(0 0.009070295 0 0 0 0) - 1
#(0 0.015873017 0 0 0 0) - 1
#(0 0.015873017 0 0 0 0) - 1
#(0 0.013605442 0 0 0 0) - 1
#(0 0.013605442 0 0 0 0) - 1
#(0 0.031746034 0 0 0 0) - 1
#(0 0.013605442 0 0 0 0) - 1
#(0 0.015873017 0 0 0 0) - 1
#(0 0.01814059 0 0 0 0) - 1
#(0 0.029478459 0 0 0 0) - 1
#(0 0.03628118 0 0 0 0) - 1
#(0 0.03628118 0 0 0 0) - 1
#(0 0.01814059 0 0 0 0) - 1
#(0 0.01814059 0 0 0 0) - 1
#(0 0.020408163 0 0 0 0) - 1
#(0 0.03628118 0 0 0 0) - 1
#(0 0.02494331 0 0 0 0) - 1
#(0 0.01814059 0 0 0 0) - 1
#(0 0.015873017 0 0 0 0) - 1
#(0 0.03628118 0 0 0 0) - 1
#(0 0.06802721 0 0 0 0) - 1
#(0 0.029478459 0 0 0 0) - 1
#(0 0.03628118 0 0 0 0) - 1
#(0 0.038548753 0 0 0 0) - 1
#(0 0.04761905 0 0 0 0) - 1
#(0 0.027210884 0 0 0 0) - 1
#(0 0.0045351475 0 0 0 0) - 1
#(0 0.040816326 0 0 0 0) - 1
#(0 0 0 0 0 0) - 0
#(0 0.0045351475 0 0 0 0) - 1
#(0 0 0 0 0 0) - 0
#(0 0.006802721 0 0 0 0) - 1
#(0 0.009070295 0 0 0 0) - 1
#(0 0.0045351475 0 0 0 0) - 1
#(0 0.02494331 0 0 0 0) - 1
#(0 0.0045351475 0 0 0 0) - 1
#(0 0.022675738 0 0 0 0) - 1
#(0 0.029478459 0 0 0 0) - 1
#(0 0.011337869 0 0 0 0) - 1
#(0 0.015873017 0 0 0 0) - 1
#(0 0.0045351475 0 0 0 0) - 1
#(0 0.034013607 0 0 0 0) - 1
#(0 0.027210884 0 0 0 0) - 1
#(0 0.0430839 0 0 0 0) - 1
#(0 0.045351475 0 0 0 0) - 1
#(0 0.022675738 0 0 0 0) - 1
#(0 0.029478459 0 0 0 0) - 1
#(0 0.022675738 0 0 0 0) - 1
#(0 0.02494331 0 0 0 0) - 1
#(0 0.022675738 0 0 0 0) - 1
#(0 0.011337869 0 0 0 0) - 1
#(0 0.015873017 0 0 0 0) - 1
#(0 0.013605442 0 0 0 0) - 1
#(0 0.015873017 0 0 0 0) - 1
#(0 0.0022675737 0 0 0 0) - 1
#(0 0 0 0 0 0) - 0
#(0 0 0 0 0 0) - 0
#(0 0 0 0 0 0) - 0
#(0 0 0 0 0 0) - 0
#(0 0.0022675737 0 0 0 0) - 1
#(0 0.0022675737 0 0 0 0) - 1
#(0 0.0022675737 0 0 0 0) - 1
#(0 0.0022675737 0 0 0 0) - 1
#(0 0.0022675737 0 0 0 0) - 1
#(0 0 0 0 0 0) - 0
#(0 0.01814059 0 0 0 0) - 1
#(0 0.01814059 0 0 0 0) - 1
#(0 0.013605442 0 0 0 0) - 1
#(0 0.013605442 0 0 0 0) - 1
#(0 0.009070295 0 0 0 0) - 1
#(0 0.01814059 0 0 0 0) - 1
#(0 0.01814059 0 0 0 0) - 1
#(0 0.009070295 0 0 0 0) - 1
#(0 0.009070295 0 0 0 0) - 1
#(0 0.013605442 0 0 0 0) - 1
#(0 0.01814059 0 0 0 0) - 1
#(0 0.015873017 0 0 0 0) - 1
#(0 0.015873017 0 0 0 0) - 1
#(0 0.022675738 0 0 0 0) - 1
#(0 0.0045351475 0 0 0 0) - 1
#(0 0.013605442 0 0 0 0) - 1
#(0 0.022675738 0 0 0 0) - 1
#(0 0.009070295 0 0 0 0) - 1
#(0 0.0045351475 0 0 0 0) - 1
#(0 0.0045351475 0 0 0 0) - 1
#(0 0 0 0 0 0) - 0
#(0 0.01814059 0 0 0 0) - 1
#(0 0.022675738 0 0 0 0) - 1
#(0 0.027210884 0 0 0 0) - 1
#(0 0.027210884 0 0 0 0) - 1
#(0 0.01814059 0 0 0 0) - 1
#(0 0 0 0 0 0) - 0
#(0 0 0 0 0 0) - 0
#(0 0 0 0 0 0) - 0
#(0 0 0 0 0 0) - 0
#(0 0 0 0 0 0) - 0
#(0 0 0 0 0 0) - 0
#(0 0.0022675737 0 0 0 0) - 1
#(0 0 0 0 0 0) - 0
#(0 0.0045351475 0 0 0 0) - 1
#(0 0.006802721 0 0 0 0) - 1
#(0 0.006802721 0 0 0 0) - 1
#(0 0.006802721 0 0 0 0) - 1
#(0 0.006802721 0 0 0 0) - 1
#(0 0.006802721 0 0 0 0) - 1
#(0 0.006802721 0 0 0 0) - 1
#(0 0.006802721 0 0 0 0) - 1
#(0 0.006802721 0 0 0 0) - 1
#(0 0.006802721 0 0 0 0) - 1
#(0 0.011337869 0 0 0 0) - 1

Grupo 2
#(0 0 0.038910504 0 0 0) - 2
#(0 0 0.0116731515 0 0 0) - 2
#(0 0 0.023346303 0 0 0) - 2
#(0 0 0.0116731515 0 0 0) - 2
#(0 0 0.0038910506 0 0 0) - 2
#(0 0 0 0 0 0) - 0
#(0 0 0 0 0 0) - 0
#(0 0 0.0038910506 0 0 0) - 2
#(0 0 0.046692606 0 0 0) - 2
#(0 0 0.027237354 0 0 0) - 2
#(0 0 0.007782101 0 0 0) - 2
#(0 0 0.027237354 0 0 0) - 2
#(0 0 0.027237354 0 0 0) - 2
#(0 0 0.023346303 0 0 0) - 2
#(0 0 0.031128405 0 0 0) - 2
#(0 0 0.038910504 0 0 0) - 2
#(0 0 0.015564202 0 0 0) - 2
#(0 0 0.015564202 0 0 0) - 2
#(0 0 0.0038910506 0 0 0) - 2
#(0 0 0.038910504 0 0 0) - 2
#(0 0 0.027237354 0 0 0) - 2
#(0 0 0.0038910506 0 0 0) - 2
#(0 0 0.0116731515 0 0 0) - 2
#(0 0 0 0 0 0) - 0
#(0 0 0.015564202 0 0 0) - 2
#(0 0 0.015564202 0 0 0) - 2
#(0 0 0.027237354 0 0 0) - 2
#(0 0 0.13229571 0 0 0) - 2
#(0 0 0.15953307 0 0 0) - 2
#(0 0 0.15564202 0 0 0) - 2
#(0 0 0.13229571 0 0 0) - 2
#(0 0 0.12451362 0 0 0) - 2
#(0 0 0.15175097 0 0 0) - 2
#(0 0 0.15564202 0 0 0) - 2
#(0 0 0.17120622 0 0 0) - 2
#(0 0 0.11673152 0 0 0) - 2
#(0 0 0.11673152 0 0 0) - 2
#(0 0 0.12451362 0 0 0) - 2
#(0 0 0.15564202 0 0 0) - 2
#(0 0 0.13618676 0 0 0) - 2
#(0 0 0.18677042 0 0 0) - 2
#(0 0 0.20233463 0 0 0) - 2
#(0 0 0.21011673 0 0 0) - 2
#(0 0 0.14007781 0 0 0) - 2
#(0 0 0.07782101 0 0 0) - 2
#(0 0 0 0 0 0) - 0
#(0 0 0.0038910506 0 0 0) - 2
#(0 0 0.007782101 0 0 0) - 2
#(0 0 0 0 0 0) - 0
#(0 0 0.007782101 0 0 0) - 2
#(0 0 0 0 0 0) - 0
#(0 0 0 0 0 0) - 0
#(0 0 0.0038910506 0 0 0) - 2
#(0 0 0.12062257 0 0 0) - 2
#(0 0 0.08949416 0 0 0) - 2
#(0 0 0.12840466 0 0 0) - 2
#(0 0 0.105058365 0 0 0) - 2
#(0 0 0.06614786 0 0 0) - 2
#(0 0 0.105058365 0 0 0) - 2
#(0 0 0.11673152 0 0 0) - 2
#(0 0 0.08949416 0 0 0) - 2
#(0 0 0.14007781 0 0 0) - 2
#(0 0 0.054474708 0 0 0) - 2
#(0 0 0.08171206 0 0 0) - 2
#(0 0 0.09727626 0 0 0) - 2
#(0 0 0.101167314 0 0 0) - 2
#(0 0 0.08949416 0 0 0) - 2
#(0 0 0.12062257 0 0 0) - 2
#(0 0 0.05836576 0 0 0) - 2
#(0 0 0.108949415 0 0 0) - 2
#(0 0 0.09727626 0 0 0) - 2
#(0 0 0.06225681 0 0 0) - 2
#(0 0 0.019455252 0 0 0) - 2
#(0 0 0.035019454 0 0 0) - 2
#(0 0 0.101167314 0 0 0) - 2
#(0 0 0.09338521 0 0 0) - 2
#(0 0 0.05836576 0 0 0) - 2
#(0 0 0.06225681 0 0 0) - 2
#(0 0 0.054474708 0 0 0) - 2
#(0 0 0.06614786 0 0 0) - 2
#(0 0 0.08560311 0 0 0) - 2
#(0 0 0.12840466 0 0 0) - 2
#(0 0 0.13229571 0 0 0) - 2
#(0 0 0.112840466 0 0 0) - 2
#(0 0 0.14007781 0 0 0) - 2
#(0 0 0.09727626 0 0 0) - 2
#(0 0 0.108949415 0 0 0) - 2
#(0 0 0.08171206 0 0 0) - 2
#(0 0 0.105058365 0 0 0) - 2
#(0 0 0.054474708 0 0 0) - 2
#(0 0 0.08171206 0 0 0) - 2
#(0 0 0.038910504 0 0 0) - 2
#(0 0 0.06225681 0 0 0) - 2
#(0 0 0.05836576 0 0 0) - 2
#(0 0 0.0116731515 0 0 0) - 2
#(0 0 0.050583657 0 0 0) - 2
#(0 0 0.050583657 0 0 0) - 2
#(0 0 0 0 0 0) - 0
#(0 0 0.015564202 0 0 0) - 2
#(0 0 0.019455252 0 0 0) - 2
#(0 0 0.007782101 0 0 0) - 2
#(0 0 0.019455252 0 0 0) - 2
#(0 0 0.038910504 0 0 0) - 2
#(0 0 0.0116731515 0 0 0) - 2
#(0 0 0.007782101 0 0 0) - 2
#(0 0 0.035019454 0 0 0) - 2
#(0 0 0.0116731515 0 0 0) - 2
#(0 0 0.06225681 0 0 0) - 2
#(0 0 0.038910504 0 0 0) - 2
#(0 0 0.035019454 0 0 0) - 2
#(0 0 0.023346303 0 0 0) - 2
#(0 0 0 0 0 0) - 0
#(0 0 0.007782101 0 0 0) - 2
#(0 0 0.007782101 0 0 0) - 2
#(0 0 0 0 0 0) - 0
#(0 0 0.042801555 0 0 0) - 2
#(0 0 0.054474708 0 0 0) - 2
#(0 0 0.019455252 0 0 0) - 2
#(0 0 0.007782101 0 0 0) - 2
#(0 0 0.007782101 0 0 0) - 2
#(0 0 0.07003891 0 0 0) - 2
#(0 0 0.08560311 0 0 0) - 2
#(0 0 0.08171206 0 0 0) - 2
#(0 0 0.101167314 0 0 0) - 2
#(0 0 0.09338521 0 0 0) - 2
#(0 0 0.031128405 0 0 0) - 2
#(0 0 0.042801555 0 0 0) - 2
#(0 0 0.07392996 0 0 0) - 2
#(0 0 0.06225681 0 0 0) - 2
#(0 0 0.06614786 0 0 0) - 2
#(0 0 0.09727626 0 0 0) - 2
#(0 0 0.035019454 0 0 0) - 2
#(0 0 0.027237354 0 0 0) - 2
#(0 0 0.019455252 0 0 0) - 2
#(0 0 0.023346303 0 0 0) - 2
#(0 0 0.015564202 0 0 0) - 2
#(0 0 0.023346303 0 0 0) - 2
#(0 0 0.023346303 0 0 0) - 2
#(0 0 0.023346303 0 0 0) - 2
#(0 0 0.0116731515 0 0 0) - 2
#(0 0 0.031128405 0 0 0) - 2
#(0 0 0.038910504 0 0 0) - 2
#(0 0 0.031128405 0 0 0) - 2
#(0 0 0.101167314 0 0 0) - 2
#(0 0 0.09338521 0 0 0) - 2
#(0 0 0.027237354 0 0 0) - 2
#(0 0 0.042801555 0 0 0) - 2
#(0 0 0.050583657 0 0 0) - 2
#(0 0 0.07003891 0 0 0) - 2
#(0 0 0.06614786 0 0 0) - 2
#(0 0 0.09727626 0 0 0) - 2
#(0 0 0.09338521 0 0 0) - 2
#(0 0 0.06614786 0 0 0) - 2
#(0 0 0.07003891 0 0 0) - 2
#(0 0 0.05836576 0 0 0) - 2
#(0 0 0.046692606 0 0 0) - 2
#(0 0 0.035019454 0 0 0) - 2
#(0 0 0.07003891 0 0 0) - 2
#(0 0 0.112840466 0 0 0) - 2
#(0 0 0.054474708 0 0 0) - 2
#(0 0 0.035019454 0 0 0) - 2
#(0 0 0.038910504 0 0 0) - 2
#(0 0 0.050583657 0 0 0) - 2
#(0 0 0.023346303 0 0 0) - 2
#(0 0 0.042801555 0 0 0) - 2
#(0 0 0.046692606 0 0 0) - 2
#(0 0 0.035019454 0 0 0) - 2
#(0 0 0.050583657 0 0 0) - 2
#(0 0 0.06614786 0 0 0) - 2
#(0 0 0.06614786 0 0 0) - 2
#(0 0 0.046692606 0 0 0) - 2
#(0 0 0.05836576 0 0 0) - 2
#(0 0 0.050583657 0 0 0) - 2
#(0 0 0.046692606 0 0 0) - 2
#(0 0 0.031128405 0 0 0) - 2
#(0 0 0.08171206 0 0 0) - 2
#(0 0 0.08171206 0 0 0) - 2
#(0 0 0.042801555 0 0 0) - 2
#(0 0 0.023346303 0 0 0) - 2
#(0 0 0.050583657 0 0 0) - 2
#(0 0 0.08560311 0 0 0) - 2
#(0 0 0.07003891 0 0 0) - 2
#(0 0 0.031128405 0 0 0) - 2
#(0 0 0.05836576 0 0 0) - 2
#(0 0 0.07782101 0 0 0) - 2
#(0 0 0.050583657 0 0 0) - 2
#(0 0 0.05836576 0 0 0) - 2
#(0 0 0.12840466 0 0 0) - 2
#(0 0 0.11673152 0 0 0) - 2
#(0 0 0.042801555 0 0 0) - 2
#(0 0 0.042801555 0 0 0) - 2
#(0 0 0.07003891 0 0 0) - 2
#(0 0 0.08171206 0 0 0) - 2
#(0 0 0.105058365 0 0 0) - 2
#(0 0 0.042801555 0 0 0) - 2
#(0 0 0.07392996 0 0 0) - 2
#(0 0 0.108949415 0 0 0) - 2
#(0 0 0.07003891 0 0 0) - 2
#(0 0 0.054474708 0 0 0) - 2
#(0 0 0.035019454 0 0 0) - 2
#(0 0 0 0 0 0) - 0
#(0 0 0.023346303 0 0 0) - 2
#(0 0 0.05836576 0 0 0) - 2
#(0 0 0.027237354 0 0 0) - 2
#(0 0 0.031128405 0 0 0) - 2
#(0 0 0.035019454 0 0 0) - 2
#(0 0 0.046692606 0 0 0) - 2
#(0 0 0.0116731515 0 0 0) - 2
#(0 0 0.023346303 0 0 0) - 2
