
Grupo 0
#(0.15122874 0 0 0 0 0) - 0
#(0.051039696 0 0 0 0 0) - 0
#(0.06805293 0 0 0 0 0) - 0
#(0.017013233 0 0 0 0 0) - 0
#(0.032136105 0 0 0 0 0) - 0
#(0.0415879 0 0 0 0 0) - 0
#(0.06805293 0 0 0 0 0) - 0
#(0.11909263 0 0 0 0 0) - 0
#(0.02457467 0 0 0 0 0) - 0
#(0 0 0 0 0 0) - 0
#(0.02457467 0 0 0 0 0) - 0
#(0.02268431 0 0 0 0 0) - 0
#(0.02457467 0 0 0 0 0) - 0
#(0.018903593 0 0 0 0 0) - 0
#(0.02079395 0 0 0 0 0) - 0
#(0.02079395 0 0 0 0 0) - 0
#(0.02079395 0 0 0 0 0) - 0
#(0.19848771 0 0 0 0 0) - 0
#(0.29867676 0 0 0 0 0) - 0
#(0.19848771 0 0 0 0 0) - 0
#(0.29867676 0 0 0 0 0) - 0
#(0.0831758 0 0 0 0 0) - 0
#(0.0831758 0 0 0 0 0) - 0
#(0.06994329 0 0 0 0 0) - 0
#(0.11909263 0 0 0 0 0) - 0
#(0.3043478 0 0 0 0 0) - 0
#(0.19848771 0 0 0 0 0) - 0
#(0.29867676 0 0 0 0 0) - 0
#(0.19848771 0 0 0 0 0) - 0
#(0.11153119 0 0 0 0 0) - 0
#(0.27032137 0 0 0 0 0) - 0
#(0.096408315 0 0 0 0 0) - 0
#(0.31190926 0 0 0 0 0) - 0
#(0.16068053 0 0 0 0 0) - 0
#(0.079395086 0 0 0 0 0) - 0
#(0.12287334 0 0 0 0 0) - 0
#(0.04725898 0 0 0 0 0) - 0
#(0.08506616 0 0 0 0 0) - 0
#(0.058601134 0 0 0 0 0) - 0
#(0.04725898 0 0 0 0 0) - 0
#(0.039697543 0 0 0 0 0) - 0
#(0.04914934 0 0 0 0 0) - 0
#(0.030245747 0 0 0 0 0) - 0
#(0.051039696 0 0 0 0 0) - 0
#(0.052930057 0 0 0 0 0) - 0
#(0.06427221 0 0 0 0 0) - 0
#(0.054820415 0 0 0 0 0) - 0
#(0.11720227 0 0 0 0 0) - 0
#(0.115311906 0 0 0 0 0) - 0
#(0.04347826 0 0 0 0 0) - 0
#(0.0415879 0 0 0 0 0) - 0
#(0.08695652 0 0 0 0 0) - 0
#(0.009451796 0 0 0 0 0) - 0
#(0.08884688 0 0 0 0 0) - 0
#(0.009451796 0 0 0 0 0) - 0
#(0.02268431 0 0 0 0 0) - 0
#(0.02079395 0 0 0 0 0) - 0
#(0.009451796 0 0 0 0 0) - 0
#(0.30812854 0 0 0 0 0) - 0
#(0.3251418 0 0 0 0 0) - 0
#(0.062381852 0 0 0 0 0) - 0
#(0.07372401 0 0 0 0 0) - 0
#(0.30812854 0 0 0 0 0) - 0
#(0.3251418 0 0 0 0 0) - 0
#(0.09829868 0 0 0 0 0) - 0
#(0.1342155 0 0 0 0 0) - 0
#(0.09829868 0 0 0 0 0) - 0
#(0.10964083 0 0 0 0 0) - 0
#(0.1852552 0 0 0 0 0) - 0
#(0.19659735 0 0 0 0 0) - 0
#(0.124763705 0 0 0 0 0) - 0
#(0.10018904 0 0 0 0 0) - 0
#(0.19659735 0 0 0 0 0) - 0
#(0.1852552 0 0 0 0 0) - 0
#(0.124763705 0 0 0 0 0) - 0
#(0.062381852 0 0 0 0 0) - 0
#(0.06427221 0 0 0 0 0) - 0
#(0.3251418 0 0 0 0 0) - 0
#(0.2268431 0 0 0 0 0) - 0
#(0.08695652 0 0 0 0 0) - 0
#(0.15311909 0 0 0 0 0) - 0
#(0.3251418 0 0 0 0 0) - 0
#(0.2268431 0 0 0 0 0) - 0
#(0.13610587 0 0 0 0 0) - 0
#(0.14744802 0 0 0 0 0) - 0
#(0.1625709 0 0 0 0 0) - 0
#(0.02079395 0 0 0 0 0) - 0
#(0.032136105 0 0 0 0 0) - 0
#(0 0 0 0 0 0) - 0
#(0.037807185 0 0 0 0 0) - 0
#(0.026465029 0 0 0 0 0) - 0
#(0.079395086 0 0 0 0 0) - 0
#(0.02268431 0 0 0 0 0) - 0
#(0.056710776 0 0 0 0 0) - 0
#(0.032136105 0 0 0 0 0) - 0
#(0.028355388 0 0 0 0 0) - 0
#(0.0056710774 0 0 0 0 0) - 0
#(0.0037807184 0 0 0 0 0) - 0
#(0.0037807184 0 0 0 0 0) - 0
#(0.02457467 0 0 0 0 0) - 0
#(0.0056710774 0 0 0 0 0) - 0
#(0.062381852 0 0 0 0 0) - 0
#(0.11153119 0 0 0 0 0) - 0
#(0.0037807184 0 0 0 0 0) - 0
#(0.02268431 0 0 0 0 0) - 0
#(0 0 0 0 0 0) - 0
#(0.13799623 0 0 0 0 0) - 0
#(0.07183365 0 0 0 0 0) - 0
#(0.13799623 0 0 0 0 0) - 0
#(0.056710776 0 0 0 0 0) - 0
#(0.06427221 0 0 0 0 0) - 0
#(0.060491495 0 0 0 0 0) - 0
#(0.10396975 0 0 0 0 0) - 0
#(0.04347826 0 0 0 0 0) - 0
#(0.062381852 0 0 0 0 0) - 0
#(0.04536862 0 0 0 0 0) - 0
#(0.026465029 0 0 0 0 0) - 0
#(0.13799623 0 0 0 0 0) - 0
#(0.07183365 0 0 0 0 0) - 0
#(0.13799623 0 0 0 0 0) - 0
#(0.056710776 0 0 0 0 0) - 0
#(0.06427221 0 0 0 0 0) - 0
#(0.056710776 0 0 0 0 0) - 0
#(0.06427221 0 0 0 0 0) - 0
#(0.052930057 0 0 0 0 0) - 0
#(0.079395086 0 0 0 0 0) - 0
#(0.04347826 0 0 0 0 0) - 0
#(0.030245747 0 0 0 0 0) - 0
#(0.02268431 0 0 0 0 0) - 0
#(0.02457467 0 0 0 0 0) - 0
#(0.02457467 0 0 0 0 0) - 0
#(0.02457467 0 0 0 0 0) - 0
#(0.02268431 0 0 0 0 0) - 0
#(0.02268431 0 0 0 0 0) - 0
#(0.02079395 0 0 0 0 0) - 0
#(0.02457467 0 0 0 0 0) - 0
#(0.017013233 0 0 0 0 0) - 0
#(0.034026466 0 0 0 0 0) - 0
#(0.02079395 0 0 0 0 0) - 0
#(0.017013233 0 0 0 0 0) - 0
#(0.02079395 0 0 0 0 0) - 0
#(0.051039696 0 0 0 0 0) - 0
#(0.02457467 0 0 0 0 0) - 0
#(0.02268431 0 0 0 0 0) - 0
#(0.017013233 0 0 0 0 0) - 0
#(0.028355388 0 0 0 0 0) - 0
#(0.04725898 0 0 0 0 0) - 0
#(0.02268431 0 0 0 0 0) - 0
#(0.035916824 0 0 0 0 0) - 0
#(0.034026466 0 0 0 0 0) - 0
#(0.018903593 0 0 0 0 0) - 0
#(0.034026466 0 0 0 0 0) - 0
#(0.037807185 0 0 0 0 0) - 0
#(0.032136105 0 0 0 0 0) - 0
#(0.02079395 0 0 0 0 0) - 0
#(0.015122874 0 0 0 0 0) - 0
#(0.015122874 0 0 0 0 0) - 0
#(0.018903593 0 0 0 0 0) - 0
#(0.013232514 0 0 0 0 0) - 0
#(0.026465029 0 0 0 0 0) - 0
#(0.02079395 0 0 0 0 0) - 0
#(0.02457467 0 0 0 0 0) - 0
#(0.0018903592 0 0 0 0 0) - 0
#(0.0056710774 0 0 0 0 0) - 0
#(0.011342155 0 0 0 0 0) - 0
#(0.013232514 0 0 0 0 0) - 0
#(0.028355388 0 0 0 0 0) - 0
#(0.007561437 0 0 0 0 0) - 0
#(0.02268431 0 0 0 0 0) - 0
#(0 0 0 0 0 0) - 0
#(0.0018903592 0 0 0 0 0) - 0
#(0.037807185 0 0 0 0 0) - 0
#(0.009451796 0 0 0 0 0) - 0
#(0.039697543 0 0 0 0 0) - 0
#(0 0 0 0 0 0) - 0
#(0.0018903592 0 0 0 0 0) - 0
#(0 0 0 0 0 0) - 0
#(0 0 0 0 0 0) - 0
#(0.011342155 0 0 0 0 0) - 0
#(0.02079395 0 0 0 0 0) - 0
#(0 0 0 0 0 0) - 0
#(0.0037807184 0 0 0 0 0) - 0
#(0.0037807184 0 0 0 0 0) - 0
#(0.0037807184 0 0 0 0 0) - 0
#(0.0018903592 0 0 0 0 0) - 0
#(0 0 0 0 0 0) - 0
#(0.0018903592 0 0 0 0 0) - 0
#(0 0 0 0 0 0) - 0
#(0 0 0 0 0 0) - 0
#(0 0 0 0 0 0) - 0
#(0 0 0 0 0 0) - 0
#(0.077504724 0 0 0 0 0) - 0
#(0.25330812 0 0 0 0 0) - 0
#(0.15500945 0 0 0 0 0) - 0
#(0.2589792 0 0 0 0 0) - 0
#(0.25330812 0 0 0 0 0) - 0
#(0.18714556 0 0 0 0 0) - 0
#(0.2589792 0 0 0 0 0) - 0
#(0.079395086 0 0 0 0 0) - 0
#(0.17580341 0 0 0 0 0) - 0
#(0.079395086 0 0 0 0 0) - 0
#(0.17958412 0 0 0 0 0) - 0
#(0.11720227 0 0 0 0 0) - 0
#(0.107750475 0 0 0 0 0) - 0
#(0.26086956 0 0 0 0 0) - 0
#(0.15500945 0 0 0 0 0) - 0
#(0.31568998 0 0 0 0 0) - 0
#(0.0926276 0 0 0 0 0) - 0
#(0.1663516 0 0 0 0 0) - 0
#(0.14555766 0 0 0 0 0) - 0
#(0.051039696 0 0 0 0 0) - 0
#(0.17013232 0 0 0 0 0) - 0
#(0.077504724 0 0 0 0 0) - 0
#(0.08128545 0 0 0 0 0) - 0
#(0.04536862 0 0 0 0 0) - 0
#(0.0926276 0 0 0 0 0) - 0
#(0.054820415 0 0 0 0 0) - 0
#(0.07183365 0 0 0 0 0) - 0
#(0.039697543 0 0 0 0 0) - 0
#(0.030245747 0 0 0 0 0) - 0
#(0.054820415 0 0 0 0 0) - 0
#(0.04536862 0 0 0 0 0) - 0
#(0.06805293 0 0 0 0 0) - 0
#(0.034026466 0 0 0 0 0) - 0
#(0.096408315 0 0 0 0 0) - 0
#(0.04347826 0 0 0 0 0) - 0
#(0.0415879 0 0 0 0 0) - 0
#(0.035916824 0 0 0 0 0) - 0
#(0.04725898 0 0 0 0 0) - 0
#(0.026465029 0 0 0 0 0) - 0
#(0.052930057 0 0 0 0 0) - 0
#(0.060491495 0 0 0 0 0) - 0
#(0.034026466 0 0 0 0 0) - 0
#(0.028355388 0 0 0 0 0) - 0
#(0.037807185 0 0 0 0 0) - 0
#(0.011342155 0 0 0 0 0) - 0
#(0.04536862 0 0 0 0 0) - 0
#(0.009451796 0 0 0 0 0) - 0
#(0.08695652 0 0 0 0 0) - 0
#(0.08695652 0 0 0 0 0) - 0
#(0.007561437 0 0 0 0 0) - 0
#(0.007561437 0 0 0 0 0) - 0
#(0.013232514 0 0 0 0 0) - 0
#(0.009451796 0 0 0 0 0) - 0
#(0.009451796 0 0 0 0 0) - 0
#(0.007561437 0 0 0 0 0) - 0
#(0.009451796 0 0 0 0 0) - 0
#(0.017013233 0 0 0 0 0) - 0
#(0.032136105 0 0 0 0 0) - 0
#(0.02268431 0 0 0 0 0) - 0
#(0.009451796 0 0 0 0 0) - 0
#(0.015122874 0 0 0 0 0) - 0
#(0.013232514 0 0 0 0 0) - 0
#(0.017013233 0 0 0 0 0) - 0
#(0.007561437 0 0 0 0 0) - 0
#(0.0018903592 0 0 0 0 0) - 0
#(0.017013233 0 0 0 0 0) - 0
#(0.011342155 0 0 0 0 0) - 0
#(0.009451796 0 0 0 0 0) - 0
#(0.009451796 0 0 0 0 0) - 0
#(0.011342155 0 0 0 0 0) - 0
#(0.04347826 0 0 0 0 0) - 0
#(0.018903593 0 0 0 0 0) - 0
#(0.009451796 0 0 0 0 0) - 0
#(0.013232514 0 0 0 0 0) - 0
#(0.015122874 0 0 0 0 0) - 0
#(0.009451796 0 0 0 0 0) - 0
#(0.007561437 0 0 0 0 0) - 0
#(0.007561437 0 0 0 0 0) - 0
#(0.015122874 0 0 0 0 0) - 0
#(0.0056710774 0 0 0 0 0) - 0
#(0.013232514 0 0 0 0 0) - 0
#(0.02079395 0 0 0 0 0) - 0
#(0.015122874 0 0 0 0 0) - 0
#(0.011342155 0 0 0 0 0) - 0
#(0.0037807184 0 0 0 0 0) - 0
#(0.0056710774 0 0 0 0 0) - 0
#(0.009451796 0 0 0 0 0) - 0
#(0.011342155 0 0 0 0 0) - 0
#(0.011342155 0 0 0 0 0) - 0
#(0.015122874 0 0 0 0 0) - 0

Grupo 1
#(0 0 0 0 0 0) - 0
#(0 0 0 0 0 0) - 0
#(0 0 0 0 0 0) - 0
#(0 0 0 0 0 0) - 0
#(0 0 0 0 0 0) - 0
#(0 0 0 0 0 0) - 0
#(0 0 0 0 0 0) - 0
#(0 0 0 0 0 0) - 0
#(0 0 0 0 0 0) - 0
#(0 0.004032258 0 0 0 0) - 1
#(0 0 0 0 0 0) - 0
#(0 0.004032258 0 0 0 0) - 1
#(0 0.004032258 0 0 0 0) - 1
#(0 0.004032258 0 0 0 0) - 1
#(0 0 0 0 0 0) - 0
#(0 0 0 0 0 0) - 0
#(0 0 0 0 0 0) - 0
#(0 0 0 0 0 0) - 0
#(0 0 0 0 0 0) - 0
#(0 0 0 0 0 0) - 0
#(0 0 0 0 0 0) - 0
#(0 0.008064516 0 0 0 0) - 1
#(0 0 0 0 0 0) - 0
#(0 0 0 0 0 0) - 0
#(0 0 0 0 0 0) - 0
#(0 0.004032258 0 0 0 0) - 1
#(0 0 0 0 0 0) - 0
#(0 0 0 0 0 0) - 0
#(0 0.004032258 0 0 0 0) - 1
#(0 0.004032258 0 0 0 0) - 1
#(0 0.012096774 0 0 0 0) - 1
#(0 0.02016129 0 0 0 0) - 1
#(0 0.02016129 0 0 0 0) - 1
#(0 0.02016129 0 0 0 0) - 1
#(0 0.02016129 0 0 0 0) - 1
#(0 0.016129032 0 0 0 0) - 1
#(0 0 0 0 0 0) - 0
#(0 0 0 0 0 0) - 0
#(0 0 0 0 0 0) - 0
#(0 0 0 0 0 0) - 0
#(0 0 0 0 0 0) - 0
#(0 0.024193548 0 0 0 0) - 1
#(0 0.02016129 0 0 0 0) - 1
#(0 0.02016129 0 0 0 0) - 1
#(0 0.02016129 0 0 0 0) - 1
#(0 0.028225806 0 0 0 0) - 1
#(0 0.02016129 0 0 0 0) - 1
#(0 0.016129032 0 0 0 0) - 1
#(0 0.02016129 0 0 0 0) - 1
#(0 0.012096774 0 0 0 0) - 1
#(0 0.016129032 0 0 0 0) - 1
#(0 0.6008065 0 0 0 0) - 1
#(0 0.5564516 0 0 0 0) - 1
#(0 0.17741935 0 0 0 0) - 1
#(0 0.35080644 0 0 0 0) - 1
#(0 0.6008065 0 0 0 0) - 1
#(0 0.41532257 0 0 0 0) - 1
#(0 0.08064516 0 0 0 0) - 1
#(0 0.14516129 0 0 0 0) - 1
#(0 0.088709675 0 0 0 0) - 1
#(0 0.29032257 0 0 0 0) - 1
#(0 0.6008065 0 0 0 0) - 1
#(0 0.5564516 0 0 0 0) - 1
#(0 0.28629032 0 0 0 0) - 1
#(0 0.54435486 0 0 0 0) - 1
#(0 0.6008065 0 0 0 0) - 1
#(0 0.044354837 0 0 0 0) - 1
#(0 0.14112903 0 0 0 0) - 1
#(0 0.06451613 0 0 0 0) - 1
#(0 0.08064516 0 0 0 0) - 1
#(0 0.10483871 0 0 0 0) - 1
#(0 0.06854839 0 0 0 0) - 1
#(0 0.6008065 0 0 0 0) - 1
#(0 0.5564516 0 0 0 0) - 1
#(0 0.28629032 0 0 0 0) - 1
#(0 0.54435486 0 0 0 0) - 1
#(0 0.6008065 0 0 0 0) - 1
#(0 0.18951613 0 0 0 0) - 1
#(0 0.16935484 0 0 0 0) - 1
#(0 0.076612905 0 0 0 0) - 1
#(0 0.116935484 0 0 0 0) - 1
#(0 0.11290322 0 0 0 0) - 1
#(0 0.10080645 0 0 0 0) - 1
#(0 0.16532259 0 0 0 0) - 1
#(0 0.14112903 0 0 0 0) - 1
#(0 0.044354837 0 0 0 0) - 1
#(0 0.076612905 0 0 0 0) - 1
#(0 0.088709675 0 0 0 0) - 1
#(0 0.06451613 0 0 0 0) - 1
#(0 0.125 0 0 0 0) - 1
#(0 0.125 0 0 0 0) - 1
#(0 0.11290322 0 0 0 0) - 1
#(0 0.10887097 0 0 0 0) - 1
#(0 0.116935484 0 0 0 0) - 1
#(0 0.10080645 0 0 0 0) - 1
#(0 0.09274194 0 0 0 0) - 1
#(0 0.14919356 0 0 0 0) - 1
#(0 0.13306452 0 0 0 0) - 1
#(0 0.13306452 0 0 0 0) - 1
#(0 0.11290322 0 0 0 0) - 1
#(0 0.22983871 0 0 0 0) - 1
#(0 0.21370968 0 0 0 0) - 1
#(0 0.21774194 0 0 0 0) - 1
#(0 0.14112903 0 0 0 0) - 1
#(0 0.08064516 0 0 0 0) - 1
#(0 0.06854839 0 0 0 0) - 1
#(0 0.11290322 0 0 0 0) - 1
#(0 0.23790322 0 0 0 0) - 1
#(0 0.2701613 0 0 0 0) - 1
#(0 0.06048387 0 0 0 0) - 1
#(0 0.10483871 0 0 0 0) - 1
#(0 0.048387095 0 0 0 0) - 1
#(0 0.17741935 0 0 0 0) - 1
#(0 0.15725806 0 0 0 0) - 1
#(0 0.21370968 0 0 0 0) - 1
#(0 0.13306452 0 0 0 0) - 1
#(0 0.21370968 0 0 0 0) - 1
#(0 0.09274194 0 0 0 0) - 1
#(0 0.04032258 0 0 0 0) - 1
#(0 0.03629032 0 0 0 0) - 1
#(0 0.25 0 0 0 0) - 1
#(0 0.11290322 0 0 0 0) - 1
#(0 0.08064516 0 0 0 0) - 1
#(0 0.06451613 0 0 0 0) - 1
#(0 0.02016129 0 0 0 0) - 1
#(0 0.15725806 0 0 0 0) - 1
#(0 0.22983871 0 0 0 0) - 1
#(0 0.116935484 0 0 0 0) - 1
#(0 0.18548387 0 0 0 0) - 1
#(0 0.024193548 0 0 0 0) - 1
#(0 0.004032258 0 0 0 0) - 1
#(0 0.024193548 0 0 0 0) - 1
#(0 0.016129032 0 0 0 0) - 1
#(0 0.012096774 0 0 0 0) - 1
#(0 0.012096774 0 0 0 0) - 1
#(0 0.016129032 0 0 0 0) - 1
#(0 0.016129032 0 0 0 0) - 1
#(0 0.024193548 0 0 0 0) - 1
#(0 0.076612905 0 0 0 0) - 1
#(0 0.012096774 0 0 0 0) - 1
#(0 0.076612905 0 0 0 0) - 1
#(0 0.07258064 0 0 0 0) - 1
#(0 0.016129032 0 0 0 0) - 1
#(0 0.012096774 0 0 0 0) - 1
#(0 0.004032258 0 0 0 0) - 1
#(0 0.004032258 0 0 0 0) - 1
#(0 0.024193548 0 0 0 0) - 1
#(0 0.024193548 0 0 0 0) - 1
#(0 0.016129032 0 0 0 0) - 1
#(0 0.016129032 0 0 0 0) - 1
#(0 0.016129032 0 0 0 0) - 1
#(0 0.012096774 0 0 0 0) - 1
#(0 0.024193548 0 0 0 0) - 1
#(0 0.024193548 0 0 0 0) - 1
#(0 0.024193548 0 0 0 0) - 1
#(0 0.032258064 0 0 0 0) - 1
#(0 0.032258064 0 0 0 0) - 1
#(0 0.016129032 0 0 0 0) - 1
#(0 0.016129032 0 0 0 0) - 1
#(0 0.012096774 0 0 0 0) - 1
#(0 0.028225806 0 0 0 0) - 1
#(0 0.028225806 0 0 0 0) - 1
#(0 0.016129032 0 0 0 0) - 1
#(0 0.024193548 0 0 0 0) - 1
#(0 0.052419353 0 0 0 0) - 1
#(0 0.088709675 0 0 0 0) - 1
#(0 0.024193548 0 0 0 0) - 1
#(0 0.03629032 0 0 0 0) - 1
#(0 0.04032258 0 0 0 0) - 1
#(0 0.05645161 0 0 0 0) - 1
#(0 0.032258064 0 0 0 0) - 1
#(0 0.004032258 0 0 0 0) - 1
#(0 0.06854839 0 0 0 0) - 1
#(0 0 0 0 0 0) - 0
#(0 0.004032258 0 0 0 0) - 1
#(0 0 0 0 0 0) - 0
#(0 0.012096774 0 0 0 0) - 1
#(0 0.004032258 0 0 0 0) - 1
#(0 0.004032258 0 0 0 0) - 1
#(0 0.04032258 0 0 0 0) - 1
#(0 0.004032258 0 0 0 0) - 1
#(0 0.03629032 0 0 0 0) - 1
#(0 0.02016129 0 0 0 0) - 1
#(0 0 0 0 0 0) - 0
#(0 0 0 0 0 0) - 0
#(0 0.004032258 0 0 0 0) - 1
#(0 0.05645161 0 0 0 0) - 1
#(0 0.044354837 0 0 0 0) - 1
#(0 0.06854839 0 0 0 0) - 1
#(0 0.03629032 0 0 0 0) - 1
#(0 0.03629032 0 0 0 0) - 1
#(0 0.04032258 0 0 0 0) - 1
#(0 0.03629032 0 0 0 0) - 1
#(0 0.03629032 0 0 0 0) - 1
#(0 0.03629032 0 0 0 0) - 1
#(0 0.004032258 0 0 0 0) - 1
#(0 0.016129032 0 0 0 0) - 1
#(0 0.016129032 0 0 0 0) - 1
#(0 0.02016129 0 0 0 0) - 1
#(0 0.004032258 0 0 0 0) - 1
#(0 0 0 0 0 0) - 0
#(0 0 0 0 0 0) - 0
#(0 0 0 0 0 0) - 0
#(0 0 0 0 0 0) - 0
#(0 0.004032258 0 0 0 0) - 1
#(0 0.004032258 0 0 0 0) - 1
#(0 0.004032258 0 0 0 0) - 1
#(0 0.004032258 0 0 0 0) - 1
#(0 0 0 0 0 0) - 0
#(0 0 0 0 0 0) - 0
#(0 0.012096774 0 0 0 0) - 1
#(0 0.028225806 0 0 0 0) - 1
#(0 0.012096774 0 0 0 0) - 1
#(0 0.02016129 0 0 0 0) - 1
#(0 0.016129032 0 0 0 0) - 1
#(0 0.032258064 0 0 0 0) - 1
#(0 0.032258064 0 0 0 0) - 1
#(0 0.008064516 0 0 0 0) - 1
#(0 0.012096774 0 0 0 0) - 1
#(0 0.02016129 0 0 0 0) - 1
#(0 0.032258064 0 0 0 0) - 1
#(0 0.024193548 0 0 0 0) - 1
#(0 0.024193548 0 0 0 0) - 1
#(0 0.032258064 0 0 0 0) - 1
#(0 0.008064516 0 0 0 0) - 1
#(0 0.02016129 0 0 0 0) - 1
#(0 0.03629032 0 0 0 0) - 1
#(0 0.004032258 0 0 0 0) - 1
#(0 0 0 0 0 0) - 0
#(0 0 0 0 0 0) - 0
#(0 0 0 0 0 0) - 0
#(0 0.032258064 0 0 0 0) - 1
#(0 0.028225806 0 0 0 0) - 1
#(0 0.032258064 0 0 0 0) - 1
#(0 0.04032258 0 0 0 0) - 1
#(0 0.016129032 0 0 0 0) - 1
#(0 0 0 0 0 0) - 0
#(0 0 0 0 0 0) - 0
#(0 0 0 0 0 0) - 0
#(0 0 0 0 0 0) - 0
#(0 0 0 0 0 0) - 0
#(0 0 0 0 0 0) - 0
#(0 0 0 0 0 0) - 0
#(0 0 0 0 0 0) - 0
#(0 0.008064516 0 0 0 0) - 1
#(0 0 0 0 0 0) - 0
#(0 0 0 0 0 0) - 0
#(0 0 0 0 0 0) - 0
#(0 0 0 0 0 0) - 0
#(0 0 0 0 0 0) - 0
#(0 0 0 0 0 0) - 0
#(0 0 0 0 0 0) - 0
#(0 0 0 0 0 0) - 0
#(0 0 0 0 0 0) - 0
#(0 0.004032258 0 0 0 0) - 1

Grupo 2
#(0 0 0.030075189 0 0 0) - 2
#(0 0 0 0 0 0) - 0
#(0 0 0 0 0 0) - 0
#(0 0 0.02255639 0 0 0) - 2
#(0 0 0 0 0 0) - 0
#(0 0 0 0 0 0) - 0
#(0 0 0 0 0 0) - 0
#(0 0 0 0 0 0) - 0
#(0 0 0.04511278 0 0 0) - 2
#(0 0 0.030075189 0 0 0) - 2
#(0 0 0.015037594 0 0 0) - 2
#(0 0 0.030075189 0 0 0) - 2
#(0 0 0 0 0 0) - 0
#(0 0 0 0 0 0) - 0
#(0 0 0.02255639 0 0 0) - 2
#(0 0 0.030075189 0 0 0) - 2
#(0 0 0 0 0 0) - 0
#(0 0 0 0 0 0) - 0
#(0 0 0.007518797 0 0 0) - 2
#(0 0 0.015037594 0 0 0) - 2
#(0 0 0.015037594 0 0 0) - 2
#(0 0 0 0 0 0) - 0
#(0 0 0 0 0 0) - 0
#(0 0 0 0 0 0) - 0
#(0 0 0 0 0 0) - 0
#(0 0 0.015037594 0 0 0) - 2
#(0 0 0.015037594 0 0 0) - 2
#(0 0 0.17293233 0 0 0) - 2
#(0 0 0.21052632 0 0 0) - 2
#(0 0 0.21804512 0 0 0) - 2
#(0 0 0.23308271 0 0 0) - 2
#(0 0 0.19548872 0 0 0) - 2
#(0 0 0.23308271 0 0 0) - 2
#(0 0 0.24812031 0 0 0) - 2
#(0 0 0.23308271 0 0 0) - 2
#(0 0 0.18045112 0 0 0) - 2
#(0 0 0.14285715 0 0 0) - 2
#(0 0 0.18796992 0 0 0) - 2
#(0 0 0.21804512 0 0 0) - 2
#(0 0 0.23308271 0 0 0) - 2
#(0 0 0.2556391 0 0 0) - 2
#(0 0 0.30827066 0 0 0) - 2
#(0 0 0.30075186 0 0 0) - 2
#(0 0 0.22556391 0 0 0) - 2
#(0 0 0.13533835 0 0 0) - 2
#(0 0 0 0 0 0) - 0
#(0 0 0 0 0 0) - 0
#(0 0 0 0 0 0) - 0
#(0 0 0 0 0 0) - 0
#(0 0 0 0 0 0) - 0
#(0 0 0 0 0 0) - 0
#(0 0 0 0 0 0) - 0
#(0 0 0 0 0 0) - 0
#(0 0 0.18796992 0 0 0) - 2
#(0 0 0.15037593 0 0 0) - 2
#(0 0 0.21804512 0 0 0) - 2
#(0 0 0.15037593 0 0 0) - 2
#(0 0 0.120300755 0 0 0) - 2
#(0 0 0.18796992 0 0 0) - 2
#(0 0 0.18796992 0 0 0) - 2
#(0 0 0.11278196 0 0 0) - 2
#(0 0 0.21804512 0 0 0) - 2
#(0 0 0.067669176 0 0 0) - 2
#(0 0 0.14285715 0 0 0) - 2
#(0 0 0.15037593 0 0 0) - 2
#(0 0 0.14285715 0 0 0) - 2
#(0 0 0.13533835 0 0 0) - 2
#(0 0 0.21052632 0 0 0) - 2
#(0 0 0.082706764 0 0 0) - 2
#(0 0 0.14285715 0 0 0) - 2
#(0 0 0.16541353 0 0 0) - 2
#(0 0 0.10526316 0 0 0) - 2
#(0 0 0.007518797 0 0 0) - 2
#(0 0 0.05263158 0 0 0) - 2
#(0 0 0.04511278 0 0 0) - 2
#(0 0 0.120300755 0 0 0) - 2
#(0 0 0.075187966 0 0 0) - 2
#(0 0 0.09022556 0 0 0) - 2
#(0 0 0.082706764 0 0 0) - 2
#(0 0 0.082706764 0 0 0) - 2
#(0 0 0.120300755 0 0 0) - 2
#(0 0 0.21804512 0 0 0) - 2
#(0 0 0.18796992 0 0 0) - 2
#(0 0 0.16541353 0 0 0) - 2
#(0 0 0.21804512 0 0 0) - 2
#(0 0 0.15789473 0 0 0) - 2
#(0 0 0.18796992 0 0 0) - 2
#(0 0 0.12781955 0 0 0) - 2
#(0 0 0.14285715 0 0 0) - 2
#(0 0 0.060150377 0 0 0) - 2
#(0 0 0.120300755 0 0 0) - 2
#(0 0 0.060150377 0 0 0) - 2
#(0 0 0 0 0 0) - 0
#(0 0 0.04511278 0 0 0) - 2
#(0 0 0 0 0 0) - 0
#(0 0 0.037593983 0 0 0) - 2
#(0 0 0.05263158 0 0 0) - 2
#(0 0 0 0 0 0) - 0
#(0 0 0.02255639 0 0 0) - 2
#(0 0 0.015037594 0 0 0) - 2
#(0 0 0.007518797 0 0 0) - 2
#(0 0 0.030075189 0 0 0) - 2
#(0 0 0.030075189 0 0 0) - 2
#(0 0 0.007518797 0 0 0) - 2
#(0 0 0.015037594 0 0 0) - 2
#(0 0 0.037593983 0 0 0) - 2
#(0 0 0.007518797 0 0 0) - 2
#(0 0 0.030075189 0 0 0) - 2
#(0 0 0.030075189 0 0 0) - 2
#(0 0 0.030075189 0 0 0) - 2
#(0 0 0.015037594 0 0 0) - 2
#(0 0 0 0 0 0) - 0
#(0 0 0.007518797 0 0 0) - 2
#(0 0 0 0 0 0) - 0
#(0 0 0 0 0 0) - 0
#(0 0 0.05263158 0 0 0) - 2
#(0 0 0.015037594 0 0 0) - 2
#(0 0 0.015037594 0 0 0) - 2
#(0 0 0.007518797 0 0 0) - 2
#(0 0 0.007518797 0 0 0) - 2
#(0 0 0.075187966 0 0 0) - 2
#(0 0 0.067669176 0 0 0) - 2
#(0 0 0.082706764 0 0 0) - 2
#(0 0 0.09774436 0 0 0) - 2
#(0 0 0.082706764 0 0 0) - 2
#(0 0 0.030075189 0 0 0) - 2
#(0 0 0.075187966 0 0 0) - 2
#(0 0 0.09774436 0 0 0) - 2
#(0 0 0.067669176 0 0 0) - 2
#(0 0 0.067669176 0 0 0) - 2
#(0 0 0.082706764 0 0 0) - 2
#(0 0 0.037593983 0 0 0) - 2
#(0 0 0.02255639 0 0 0) - 2
#(0 0 0.02255639 0 0 0) - 2
#(0 0 0.02255639 0 0 0) - 2
#(0 0 0.007518797 0 0 0) - 2
#(0 0 0.015037594 0 0 0) - 2
#(0 0 0.030075189 0 0 0) - 2
#(0 0 0.007518797 0 0 0) - 2
#(0 0 0.007518797 0 0 0) - 2
#(0 0 0.015037594 0 0 0) - 2
#(0 0 0.030075189 0 0 0) - 2
#(0 0 0.030075189 0 0 0) - 2
#(0 0 0.09774436 0 0 0) - 2
#(0 0 0.082706764 0 0 0) - 2
#(0 0 0.02255639 0 0 0) - 2
#(0 0 0.075187966 0 0 0) - 2
#(0 0 0.05263158 0 0 0) - 2
#(0 0 0.05263158 0 0 0) - 2
#(0 0 0.067669176 0 0 0) - 2
#(0 0 0.082706764 0 0 0) - 2
#(0 0 0.075187966 0 0 0) - 2
#(0 0 0.09774436 0 0 0) - 2
#(0 0 0.09774436 0 0 0) - 2
#(0 0 0.067669176 0 0 0) - 2
#(0 0 0.075187966 0 0 0) - 2
#(0 0 0.05263158 0 0 0) - 2
#(0 0 0.09022556 0 0 0) - 2
#(0 0 0.082706764 0 0 0) - 2
#(0 0 0.09022556 0 0 0) - 2
#(0 0 0.060150377 0 0 0) - 2
#(0 0 0.067669176 0 0 0) - 2
#(0 0 0.075187966 0 0 0) - 2
#(0 0 0.037593983 0 0 0) - 2
#(0 0 0.067669176 0 0 0) - 2
#(0 0 0.082706764 0 0 0) - 2
#(0 0 0.05263158 0 0 0) - 2
#(0 0 0.075187966 0 0 0) - 2
#(0 0 0.082706764 0 0 0) - 2
#(0 0 0.082706764 0 0 0) - 2
#(0 0 0.060150377 0 0 0) - 2
#(0 0 0.09022556 0 0 0) - 2
#(0 0 0.067669176 0 0 0) - 2
#(0 0 0.030075189 0 0 0) - 2
#(0 0 0.007518797 0 0 0) - 2
#(0 0 0.02255639 0 0 0) - 2
#(0 0 0.015037594 0 0 0) - 2
#(0 0 0.015037594 0 0 0) - 2
#(0 0 0 0 0 0) - 0
#(0 0 0.007518797 0 0 0) - 2
#(0 0 0.02255639 0 0 0) - 2
#(0 0 0 0 0 0) - 0
#(0 0 0.015037594 0 0 0) - 2
#(0 0 0.082706764 0 0 0) - 2
#(0 0 0.120300755 0 0 0) - 2
#(0 0 0.067669176 0 0 0) - 2
#(0 0 0.067669176 0 0 0) - 2
#(0 0 0.14285715 0 0 0) - 2
#(0 0 0.14285715 0 0 0) - 2
#(0 0 0.05263158 0 0 0) - 2
#(0 0 0.060150377 0 0 0) - 2
#(0 0 0.10526316 0 0 0) - 2
#(0 0 0.09774436 0 0 0) - 2
#(0 0 0.12781955 0 0 0) - 2
#(0 0 0.067669176 0 0 0) - 2
#(0 0 0.09774436 0 0 0) - 2
#(0 0 0.09774436 0 0 0) - 2
#(0 0 0.082706764 0 0 0) - 2
#(0 0 0 0 0 0) - 0
#(0 0 0.030075189 0 0 0) - 2
#(0 0 0 0 0 0) - 0
#(0 0 0.02255639 0 0 0) - 2
#(0 0 0.075187966 0 0 0) - 2
#(0 0 0.015037594 0 0 0) - 2
#(0 0 0.04511278 0 0 0) - 2
#(0 0 0.05263158 0 0 0) - 2
#(0 0 0.030075189 0 0 0) - 2
#(0 0 0 0 0 0) - 0
#(0 0 0 0 0 0) - 0
