
Grupo 0
#(0.121212125 0 0 0 0 0) - 0
#(0.049242426 0 0 0 0 0) - 0
#(0.026515152 0 0 0 0 0) - 0
#(0.007575758 0 0 0 0 0) - 0
#(0.030303031 0 0 0 0 0) - 0
#(0.060606062 0 0 0 0 0) - 0
#(0.09469697 0 0 0 0 0) - 0
#(0.060606062 0 0 0 0 0) - 0
#(0.041666668 0 0 0 0 0) - 0
#(0 0 0 0 0 0) - 0
#(0.041666668 0 0 0 0 0) - 0
#(0.041666668 0 0 0 0 0) - 0
#(0.041666668 0 0 0 0 0) - 0
#(0.03409091 0 0 0 0 0) - 0
#(0.041666668 0 0 0 0 0) - 0
#(0.03787879 0 0 0 0 0) - 0
#(0.041666668 0 0 0 0 0) - 0
#(0.23863636 0 0 0 0 0) - 0
#(0.28030303 0 0 0 0 0) - 0
#(0.23863636 0 0 0 0 0) - 0
#(0.28030303 0 0 0 0 0) - 0
#(0.11363637 0 0 0 0 0) - 0
#(0.11363637 0 0 0 0 0) - 0
#(0.12878788 0 0 0 0 0) - 0
#(0.17424242 0 0 0 0 0) - 0
#(0.38636363 0 0 0 0 0) - 0
#(0.23863636 0 0 0 0 0) - 0
#(0.28030303 0 0 0 0 0) - 0
#(0.23863636 0 0 0 0 0) - 0
#(0.13636364 0 0 0 0 0) - 0
#(0.375 0 0 0 0 0) - 0
#(0.14393939 0 0 0 0 0) - 0
#(0.41666666 0 0 0 0 0) - 0
#(0.17045455 0 0 0 0 0) - 0
#(0.125 0 0 0 0 0) - 0
#(0.10227273 0 0 0 0 0) - 0
#(0.06818182 0 0 0 0 0) - 0
#(0.11742424 0 0 0 0 0) - 0
#(0.053030305 0 0 0 0 0) - 0
#(0.049242426 0 0 0 0 0) - 0
#(0.053030305 0 0 0 0 0) - 0
#(0.060606062 0 0 0 0 0) - 0
#(0.056818184 0 0 0 0 0) - 0
#(0.083333336 0 0 0 0 0) - 0
#(0.071969695 0 0 0 0 0) - 0
#(0.071969695 0 0 0 0 0) - 0
#(0.07954545 0 0 0 0 0) - 0
#(0.07954545 0 0 0 0 0) - 0
#(0.06439394 0 0 0 0 0) - 0
#(0.071969695 0 0 0 0 0) - 0
#(0.071969695 0 0 0 0 0) - 0
#(0.109848484 0 0 0 0 0) - 0
#(0.011363637 0 0 0 0 0) - 0
#(0.041666668 0 0 0 0 0) - 0
#(0 0 0 0 0 0) - 0
#(0.007575758 0 0 0 0 0) - 0
#(0.026515152 0 0 0 0 0) - 0
#(0.011363637 0 0 0 0 0) - 0
#(0.28787878 0 0 0 0 0) - 0
#(0.33333334 0 0 0 0 0) - 0
#(0.10227273 0 0 0 0 0) - 0
#(0.13636364 0 0 0 0 0) - 0
#(0.28787878 0 0 0 0 0) - 0
#(0.33333334 0 0 0 0 0) - 0
#(0.14393939 0 0 0 0 0) - 0
#(0.2159091 0 0 0 0 0) - 0
#(0.15530303 0 0 0 0 0) - 0
#(0.1969697 0 0 0 0 0) - 0
#(0.21969697 0 0 0 0 0) - 0
#(0.21969697 0 0 0 0 0) - 0
#(0.19318181 0 0 0 0 0) - 0
#(0.15530303 0 0 0 0 0) - 0
#(0.21969697 0 0 0 0 0) - 0
#(0.20833333 0 0 0 0 0) - 0
#(0.19318181 0 0 0 0 0) - 0
#(0.09848485 0 0 0 0 0) - 0
#(0.121212125 0 0 0 0 0) - 0
#(0.33333334 0 0 0 0 0) - 0
#(0.22348484 0 0 0 0 0) - 0
#(0.12878788 0 0 0 0 0) - 0
#(0.24242425 0 0 0 0 0) - 0
#(0.33333334 0 0 0 0 0) - 0
#(0.22348484 0 0 0 0 0) - 0
#(0.22348484 0 0 0 0 0) - 0
#(0.20833333 0 0 0 0 0) - 0
#(0.1780303 0 0 0 0 0) - 0
#(0.011363637 0 0 0 0 0) - 0
#(0.022727273 0 0 0 0 0) - 0
#(0 0 0 0 0 0) - 0
#(0.03409091 0 0 0 0 0) - 0
#(0.045454547 0 0 0 0 0) - 0
#(0.053030305 0 0 0 0 0) - 0
#(0.018939395 0 0 0 0 0) - 0
#(0.022727273 0 0 0 0 0) - 0
#(0.022727273 0 0 0 0 0) - 0
#(0.045454547 0 0 0 0 0) - 0
#(0.007575758 0 0 0 0 0) - 0
#(0 0 0 0 0 0) - 0
#(0 0 0 0 0 0) - 0
#(0.041666668 0 0 0 0 0) - 0
#(0.007575758 0 0 0 0 0) - 0
#(0.10606061 0 0 0 0 0) - 0
#(0.053030305 0 0 0 0 0) - 0
#(0 0 0 0 0 0) - 0
#(0.018939395 0 0 0 0 0) - 0
#(0 0 0 0 0 0) - 0
#(0.14772727 0 0 0 0 0) - 0
#(0.083333336 0 0 0 0 0) - 0
#(0.14772727 0 0 0 0 0) - 0
#(0.09090909 0 0 0 0 0) - 0
#(0.07575758 0 0 0 0 0) - 0
#(0.053030305 0 0 0 0 0) - 0
#(0.056818184 0 0 0 0 0) - 0
#(0.060606062 0 0 0 0 0) - 0
#(0.041666668 0 0 0 0 0) - 0
#(0.083333336 0 0 0 0 0) - 0
#(0.030303031 0 0 0 0 0) - 0
#(0.14772727 0 0 0 0 0) - 0
#(0.083333336 0 0 0 0 0) - 0
#(0.14772727 0 0 0 0 0) - 0
#(0.09090909 0 0 0 0 0) - 0
#(0.07575758 0 0 0 0 0) - 0
#(0.060606062 0 0 0 0 0) - 0
#(0.07575758 0 0 0 0 0) - 0
#(0.060606062 0 0 0 0 0) - 0
#(0.049242426 0 0 0 0 0) - 0
#(0.060606062 0 0 0 0 0) - 0
#(0.053030305 0 0 0 0 0) - 0
#(0.03787879 0 0 0 0 0) - 0
#(0.041666668 0 0 0 0 0) - 0
#(0.049242426 0 0 0 0 0) - 0
#(0.041666668 0 0 0 0 0) - 0
#(0.03787879 0 0 0 0 0) - 0
#(0.03787879 0 0 0 0 0) - 0
#(0.03787879 0 0 0 0 0) - 0
#(0.049242426 0 0 0 0 0) - 0
#(0.030303031 0 0 0 0 0) - 0
#(0.06439394 0 0 0 0 0) - 0
#(0.03787879 0 0 0 0 0) - 0
#(0.03409091 0 0 0 0 0) - 0
#(0.03409091 0 0 0 0 0) - 0
#(0.09469697 0 0 0 0 0) - 0
#(0.041666668 0 0 0 0 0) - 0
#(0.03787879 0 0 0 0 0) - 0
#(0.030303031 0 0 0 0 0) - 0
#(0.03409091 0 0 0 0 0) - 0
#(0.056818184 0 0 0 0 0) - 0
#(0.022727273 0 0 0 0 0) - 0
#(0.049242426 0 0 0 0 0) - 0
#(0.045454547 0 0 0 0 0) - 0
#(0.003787879 0 0 0 0 0) - 0
#(0.041666668 0 0 0 0 0) - 0
#(0.045454547 0 0 0 0 0) - 0
#(0.03787879 0 0 0 0 0) - 0
#(0.018939395 0 0 0 0 0) - 0
#(0.003787879 0 0 0 0 0) - 0
#(0.026515152 0 0 0 0 0) - 0
#(0.007575758 0 0 0 0 0) - 0
#(0.007575758 0 0 0 0 0) - 0
#(0.030303031 0 0 0 0 0) - 0
#(0.007575758 0 0 0 0 0) - 0
#(0.007575758 0 0 0 0 0) - 0
#(0.003787879 0 0 0 0 0) - 0
#(0 0 0 0 0 0) - 0
#(0.015151516 0 0 0 0 0) - 0
#(0.003787879 0 0 0 0 0) - 0
#(0.03787879 0 0 0 0 0) - 0
#(0.011363637 0 0 0 0 0) - 0
#(0.03409091 0 0 0 0 0) - 0
#(0 0 0 0 0 0) - 0
#(0 0 0 0 0 0) - 0
#(0.015151516 0 0 0 0 0) - 0
#(0.011363637 0 0 0 0 0) - 0
#(0.015151516 0 0 0 0 0) - 0
#(0 0 0 0 0 0) - 0
#(0 0 0 0 0 0) - 0
#(0 0 0 0 0 0) - 0
#(0 0 0 0 0 0) - 0
#(0.011363637 0 0 0 0 0) - 0
#(0.011363637 0 0 0 0 0) - 0
#(0 0 0 0 0 0) - 0
#(0 0 0 0 0 0) - 0
#(0 0 0 0 0 0) - 0
#(0.003787879 0 0 0 0 0) - 0
#(0 0 0 0 0 0) - 0
#(0 0 0 0 0 0) - 0
#(0 0 0 0 0 0) - 0
#(0 0 0 0 0 0) - 0
#(0 0 0 0 0 0) - 0
#(0 0 0 0 0 0) - 0
#(0 0 0 0 0 0) - 0
#(0.015151516 0 0 0 0 0) - 0
#(0.33333334 0 0 0 0 0) - 0
#(0.20075758 0 0 0 0 0) - 0
#(0.3901515 0 0 0 0 0) - 0
#(0.33333334 0 0 0 0 0) - 0
#(0.23863636 0 0 0 0 0) - 0
#(0.3901515 0 0 0 0 0) - 0
#(0.15151516 0 0 0 0 0) - 0
#(0.3030303 0 0 0 0 0) - 0
#(0.15151516 0 0 0 0 0) - 0
#(0.31060606 0 0 0 0 0) - 0
#(0.17424242 0 0 0 0 0) - 0
#(0.15530303 0 0 0 0 0) - 0
#(0.34848484 0 0 0 0 0) - 0
#(0.20075758 0 0 0 0 0) - 0
#(0.45075756 0 0 0 0 0) - 0
#(0.16666667 0 0 0 0 0) - 0
#(0.17045455 0 0 0 0 0) - 0
#(0.15151516 0 0 0 0 0) - 0
#(0.071969695 0 0 0 0 0) - 0
#(0.22348484 0 0 0 0 0) - 0
#(0.14393939 0 0 0 0 0) - 0
#(0.09848485 0 0 0 0 0) - 0
#(0.056818184 0 0 0 0 0) - 0
#(0.14015152 0 0 0 0 0) - 0
#(0.071969695 0 0 0 0 0) - 0
#(0.10227273 0 0 0 0 0) - 0
#(0.053030305 0 0 0 0 0) - 0
#(0.056818184 0 0 0 0 0) - 0
#(0.060606062 0 0 0 0 0) - 0
#(0.056818184 0 0 0 0 0) - 0
#(0.09848485 0 0 0 0 0) - 0
#(0.060606062 0 0 0 0 0) - 0
#(0.056818184 0 0 0 0 0) - 0
#(0.060606062 0 0 0 0 0) - 0
#(0.049242426 0 0 0 0 0) - 0
#(0.06439394 0 0 0 0 0) - 0
#(0.07575758 0 0 0 0 0) - 0
#(0.049242426 0 0 0 0 0) - 0
#(0.056818184 0 0 0 0 0) - 0
#(0.06818182 0 0 0 0 0) - 0
#(0.06439394 0 0 0 0 0) - 0
#(0.049242426 0 0 0 0 0) - 0
#(0.060606062 0 0 0 0 0) - 0
#(0.022727273 0 0 0 0 0) - 0
#(0.060606062 0 0 0 0 0) - 0
#(0.018939395 0 0 0 0 0) - 0
#(0.049242426 0 0 0 0 0) - 0
#(0.041666668 0 0 0 0 0) - 0
#(0.007575758 0 0 0 0 0) - 0
#(0.011363637 0 0 0 0 0) - 0
#(0.018939395 0 0 0 0 0) - 0
#(0.018939395 0 0 0 0 0) - 0
#(0.018939395 0 0 0 0 0) - 0
#(0.015151516 0 0 0 0 0) - 0
#(0.018939395 0 0 0 0 0) - 0
#(0.022727273 0 0 0 0 0) - 0
#(0.049242426 0 0 0 0 0) - 0
#(0.03409091 0 0 0 0 0) - 0
#(0.011363637 0 0 0 0 0) - 0
#(0.022727273 0 0 0 0 0) - 0
#(0.022727273 0 0 0 0 0) - 0
#(0.026515152 0 0 0 0 0) - 0
#(0.011363637 0 0 0 0 0) - 0
#(0 0 0 0 0 0) - 0
#(0.018939395 0 0 0 0 0) - 0
#(0.018939395 0 0 0 0 0) - 0
#(0.018939395 0 0 0 0 0) - 0
#(0.018939395 0 0 0 0 0) - 0
#(0.018939395 0 0 0 0 0) - 0
#(0.06818182 0 0 0 0 0) - 0
#(0.030303031 0 0 0 0 0) - 0
#(0.018939395 0 0 0 0 0) - 0
#(0.018939395 0 0 0 0 0) - 0
#(0.018939395 0 0 0 0 0) - 0
#(0.007575758 0 0 0 0 0) - 0
#(0.007575758 0 0 0 0 0) - 0
#(0.007575758 0 0 0 0 0) - 0
#(0.018939395 0 0 0 0 0) - 0
#(0.011363637 0 0 0 0 0) - 0
#(0.026515152 0 0 0 0 0) - 0
#(0.018939395 0 0 0 0 0) - 0
#(0.007575758 0 0 0 0 0) - 0
#(0.022727273 0 0 0 0 0) - 0
#(0.003787879 0 0 0 0 0) - 0
#(0.011363637 0 0 0 0 0) - 0
#(0.018939395 0 0 0 0 0) - 0
#(0.022727273 0 0 0 0 0) - 0
#(0.015151516 0 0 0 0 0) - 0
#(0.018939395 0 0 0 0 0) - 0

Grupo 1
#(0 0 0 0 0 0) - 0
#(0 0 0 0 0 0) - 0
#(0 0 0 0 0 0) - 0
#(0 0 0 0 0 0) - 0
#(0 0 0 0 0 0) - 0
#(0 0 0 0 0 0) - 0
#(0 0 0 0 0 0) - 0
#(0 0 0 0 0 0) - 0
#(0 0 0 0 0 0) - 0
#(0 0 0 0 0 0) - 0
#(0 0 0 0 0 0) - 0
#(0 0 0 0 0 0) - 0
#(0 0 0 0 0 0) - 0
#(0 0 0 0 0 0) - 0
#(0 0 0 0 0 0) - 0
#(0 0 0 0 0 0) - 0
#(0 0 0 0 0 0) - 0
#(0 0 0 0 0 0) - 0
#(0 0 0 0 0 0) - 0
#(0 0 0 0 0 0) - 0
#(0 0 0 0 0 0) - 0
#(0 0 0 0 0 0) - 0
#(0 0 0 0 0 0) - 0
#(0 0 0 0 0 0) - 0
#(0 0 0 0 0 0) - 0
#(0 0 0 0 0 0) - 0
#(0 0 0 0 0 0) - 0
#(0 0 0 0 0 0) - 0
#(0 0 0 0 0 0) - 0
#(0 0 0 0 0 0) - 0
#(0 0.024793388 0 0 0 0) - 1
#(0 0 0 0 0 0) - 0
#(0 0 0 0 0 0) - 0
#(0 0 0 0 0 0) - 0
#(0 0 0 0 0 0) - 0
#(0 0 0 0 0 0) - 0
#(0 0 0 0 0 0) - 0
#(0 0 0 0 0 0) - 0
#(0 0 0 0 0 0) - 0
#(0 0 0 0 0 0) - 0
#(0 0 0 0 0 0) - 0
#(0 0 0 0 0 0) - 0
#(0 0 0 0 0 0) - 0
#(0 0 0 0 0 0) - 0
#(0 0 0 0 0 0) - 0
#(0 0.016528925 0 0 0 0) - 1
#(0 0 0 0 0 0) - 0
#(0 0 0 0 0 0) - 0
#(0 0 0 0 0 0) - 0
#(0 0 0 0 0 0) - 0
#(0 0 0 0 0 0) - 0
#(0 0.41322315 0 0 0 0) - 1
#(0 0.37190083 0 0 0 0) - 1
#(0 0.29752067 0 0 0 0) - 1
#(0 0.2644628 0 0 0 0) - 1
#(0 0.41322315 0 0 0 0) - 1
#(0 0.2892562 0 0 0 0) - 1
#(0 0.16528925 0 0 0 0) - 1
#(0 0.21487603 0 0 0 0) - 1
#(0 0.18181819 0 0 0 0) - 1
#(0 0.29752067 0 0 0 0) - 1
#(0 0.41322315 0 0 0 0) - 1
#(0 0.41322315 0 0 0 0) - 1
#(0 0.28099173 0 0 0 0) - 1
#(0 0.3966942 0 0 0 0) - 1
#(0 0.41322315 0 0 0 0) - 1
#(0 0.09090909 0 0 0 0) - 1
#(0 0.1983471 0 0 0 0) - 1
#(0 0.08264463 0 0 0 0) - 1
#(0 0.16528925 0 0 0 0) - 1
#(0 0.11570248 0 0 0 0) - 1
#(0 0.09917355 0 0 0 0) - 1
#(0 0.41322315 0 0 0 0) - 1
#(0 0.41322315 0 0 0 0) - 1
#(0 0.28099173 0 0 0 0) - 1
#(0 0.3966942 0 0 0 0) - 1
#(0 0.41322315 0 0 0 0) - 1
#(0 0.25619835 0 0 0 0) - 1
#(0 0.30578512 0 0 0 0) - 1
#(0 0.14049587 0 0 0 0) - 1
#(0 0.2231405 0 0 0 0) - 1
#(0 0.20661157 0 0 0 0) - 1
#(0 0.17355372 0 0 0 0) - 1
#(0 0.28099173 0 0 0 0) - 1
#(0 0.23966943 0 0 0 0) - 1
#(0 0.09090909 0 0 0 0) - 1
#(0 0.14049587 0 0 0 0) - 1
#(0 0.1570248 0 0 0 0) - 1
#(0 0.10743801 0 0 0 0) - 1
#(0 0.21487603 0 0 0 0) - 1
#(0 0.21487603 0 0 0 0) - 1
#(0 0.17355372 0 0 0 0) - 1
#(0 0.19008264 0 0 0 0) - 1
#(0 0.2231405 0 0 0 0) - 1
#(0 0.16528925 0 0 0 0) - 1
#(0 0.1570248 0 0 0 0) - 1
#(0 0.25619835 0 0 0 0) - 1
#(0 0.2231405 0 0 0 0) - 1
#(0 0.2231405 0 0 0 0) - 1
#(0 0.23140496 0 0 0 0) - 1
#(0 0.45454547 0 0 0 0) - 1
#(0 0.42975205 0 0 0 0) - 1
#(0 0.43801653 0 0 0 0) - 1
#(0 0.25619835 0 0 0 0) - 1
#(0 0.14049587 0 0 0 0) - 1
#(0 0.1322314 0 0 0 0) - 1
#(0 0.23140496 0 0 0 0) - 1
#(0 0.446281 0 0 0 0) - 1
#(0 0.5041322 0 0 0 0) - 1
#(0 0.07438017 0 0 0 0) - 1
#(0 0.21487603 0 0 0 0) - 1
#(0 0.08264463 0 0 0 0) - 1
#(0 0.34710744 0 0 0 0) - 1
#(0 0.29752067 0 0 0 0) - 1
#(0 0.37190083 0 0 0 0) - 1
#(0 0.25619835 0 0 0 0) - 1
#(0 0.4214876 0 0 0 0) - 1
#(0 0.19008264 0 0 0 0) - 1
#(0 0.07438017 0 0 0 0) - 1
#(0 0.07438017 0 0 0 0) - 1
#(0 0.4876033 0 0 0 0) - 1
#(0 0.1983471 0 0 0 0) - 1
#(0 0.14876033 0 0 0 0) - 1
#(0 0.11570248 0 0 0 0) - 1
#(0 0.041322313 0 0 0 0) - 1
#(0 0.29752067 0 0 0 0) - 1
#(0 0.4214876 0 0 0 0) - 1
#(0 0.21487603 0 0 0 0) - 1
#(0 0.28099173 0 0 0 0) - 1
#(0 0.03305785 0 0 0 0) - 1
#(0 0.008264462 0 0 0 0) - 1
#(0 0.03305785 0 0 0 0) - 1
#(0 0.03305785 0 0 0 0) - 1
#(0 0.024793388 0 0 0 0) - 1
#(0 0.008264462 0 0 0 0) - 1
#(0 0.03305785 0 0 0 0) - 1
#(0 0.03305785 0 0 0 0) - 1
#(0 0.03305785 0 0 0 0) - 1
#(0 0.14049587 0 0 0 0) - 1
#(0 0.008264462 0 0 0 0) - 1
#(0 0.14049587 0 0 0 0) - 1
#(0 0.1322314 0 0 0 0) - 1
#(0 0.03305785 0 0 0 0) - 1
#(0 0.008264462 0 0 0 0) - 1
#(0 0.008264462 0 0 0 0) - 1
#(0 0.008264462 0 0 0 0) - 1
#(0 0.03305785 0 0 0 0) - 1
#(0 0.03305785 0 0 0 0) - 1
#(0 0.03305785 0 0 0 0) - 1
#(0 0.03305785 0 0 0 0) - 1
#(0 0.03305785 0 0 0 0) - 1
#(0 0.008264462 0 0 0 0) - 1
#(0 0.03305785 0 0 0 0) - 1
#(0 0.03305785 0 0 0 0) - 1
#(0 0.03305785 0 0 0 0) - 1
#(0 0.016528925 0 0 0 0) - 1
#(0 0.016528925 0 0 0 0) - 1
#(0 0 0 0 0 0) - 0
#(0 0 0 0 0 0) - 0
#(0 0.008264462 0 0 0 0) - 1
#(0 0.016528925 0 0 0 0) - 1
#(0 0.016528925 0 0 0 0) - 1
#(0 0 0 0 0 0) - 0
#(0 0.016528925 0 0 0 0) - 1
#(0 0.0661157 0 0 0 0) - 1
#(0 0.12396694 0 0 0 0) - 1
#(0 0.016528925 0 0 0 0) - 1
#(0 0.024793388 0 0 0 0) - 1
#(0 0.03305785 0 0 0 0) - 1
#(0 0.05785124 0 0 0 0) - 1
#(0 0.016528925 0 0 0 0) - 1
#(0 0 0 0 0 0) - 0
#(0 0.09917355 0 0 0 0) - 1
#(0 0 0 0 0 0) - 0
#(0 0 0 0 0 0) - 0
#(0 0 0 0 0 0) - 0
#(0 0.008264462 0 0 0 0) - 1
#(0 0 0 0 0 0) - 0
#(0 0 0 0 0 0) - 0
#(0 0.07438017 0 0 0 0) - 1
#(0 0 0 0 0 0) - 0
#(0 0.0661157 0 0 0 0) - 1
#(0 0 0 0 0 0) - 0
#(0 0 0 0 0 0) - 0
#(0 0 0 0 0 0) - 0
#(0 0 0 0 0 0) - 0
#(0 0.09090909 0 0 0 0) - 1
#(0 0.08264463 0 0 0 0) - 1
#(0 0.12396694 0 0 0 0) - 1
#(0 0.05785124 0 0 0 0) - 1
#(0 0.05785124 0 0 0 0) - 1
#(0 0.05785124 0 0 0 0) - 1
#(0 0.05785124 0 0 0 0) - 1
#(0 0.05785124 0 0 0 0) - 1
#(0 0.05785124 0 0 0 0) - 1
#(0 0.008264462 0 0 0 0) - 1
#(0 0.024793388 0 0 0 0) - 1
#(0 0.024793388 0 0 0 0) - 1
#(0 0.041322313 0 0 0 0) - 1
#(0 0 0 0 0 0) - 0
#(0 0 0 0 0 0) - 0
#(0 0 0 0 0 0) - 0
#(0 0 0 0 0 0) - 0
#(0 0 0 0 0 0) - 0
#(0 0 0 0 0 0) - 0
#(0 0 0 0 0 0) - 0
#(0 0 0 0 0 0) - 0
#(0 0 0 0 0 0) - 0
#(0 0 0 0 0 0) - 0
#(0 0 0 0 0 0) - 0
#(0 0.016528925 0 0 0 0) - 1
#(0 0.041322313 0 0 0 0) - 1
#(0 0.024793388 0 0 0 0) - 1
#(0 0.041322313 0 0 0 0) - 1
#(0 0.03305785 0 0 0 0) - 1
#(0 0.05785124 0 0 0 0) - 1
#(0 0.05785124 0 0 0 0) - 1
#(0 0.008264462 0 0 0 0) - 1
#(0 0.024793388 0 0 0 0) - 1
#(0 0.041322313 0 0 0 0) - 1
#(0 0.05785124 0 0 0 0) - 1
#(0 0.041322313 0 0 0 0) - 1
#(0 0.041322313 0 0 0 0) - 1
#(0 0.05785124 0 0 0 0) - 1
#(0 0.008264462 0 0 0 0) - 1
#(0 0.041322313 0 0 0 0) - 1
#(0 0.05785124 0 0 0 0) - 1
#(0 0.008264462 0 0 0 0) - 1
#(0 0 0 0 0 0) - 0
#(0 0 0 0 0 0) - 0
#(0 0 0 0 0 0) - 0
#(0 0.05785124 0 0 0 0) - 1
#(0 0.05785124 0 0 0 0) - 1
#(0 0.05785124 0 0 0 0) - 1
#(0 0.05785124 0 0 0 0) - 1
#(0 0.008264462 0 0 0 0) - 1
#(0 0 0 0 0 0) - 0
#(0 0 0 0 0 0) - 0
#(0 0 0 0 0 0) - 0
#(0 0 0 0 0 0) - 0
#(0 0 0 0 0 0) - 0
#(0 0 0 0 0 0) - 0
#(0 0 0 0 0 0) - 0
#(0 0 0 0 0 0) - 0
#(0 0.008264462 0 0 0 0) - 1
#(0 0 0 0 0 0) - 0
#(0 0 0 0 0 0) - 0
#(0 0 0 0 0 0) - 0
#(0 0 0 0 0 0) - 0
#(0 0 0 0 0 0) - 0
#(0 0 0 0 0 0) - 0
#(0 0 0 0 0 0) - 0
#(0 0 0 0 0 0) - 0
#(0 0 0 0 0 0) - 0
#(0 0 0 0 0 0) - 0

Grupo 2
#(0 0 0.025641026 0 0 0) - 2
#(0 0 0 0 0 0) - 0
#(0 0 0 0 0 0) - 0
#(0 0 0.03846154 0 0 0) - 2
#(0 0 0 0 0 0) - 0
#(0 0 0 0 0 0) - 0
#(0 0 0 0 0 0) - 0
#(0 0 0 0 0 0) - 0
#(0 0 0.03846154 0 0 0) - 2
#(0 0 0 0 0 0) - 0
#(0 0 0 0 0 0) - 0
#(0 0 0.025641026 0 0 0) - 2
#(0 0 0 0 0 0) - 0
#(0 0 0 0 0 0) - 0
#(0 0 0.025641026 0 0 0) - 2
#(0 0 0.025641026 0 0 0) - 2
#(0 0 0 0 0 0) - 0
#(0 0 0 0 0 0) - 0
#(0 0 0 0 0 0) - 0
#(0 0 0 0 0 0) - 0
#(0 0 0 0 0 0) - 0
#(0 0 0 0 0 0) - 0
#(0 0 0 0 0 0) - 0
#(0 0 0 0 0 0) - 0
#(0 0 0 0 0 0) - 0
#(0 0 0 0 0 0) - 0
#(0 0 0 0 0 0) - 0
#(0 0 0.1923077 0 0 0) - 2
#(0 0 0.20512821 0 0 0) - 2
#(0 0 0.1923077 0 0 0) - 2
#(0 0 0.15384616 0 0 0) - 2
#(0 0 0.15384616 0 0 0) - 2
#(0 0 0.15384616 0 0 0) - 2
#(0 0 0.21794872 0 0 0) - 2
#(0 0 0.15384616 0 0 0) - 2
#(0 0 0.15384616 0 0 0) - 2
#(0 0 0.115384616 0 0 0) - 2
#(0 0 0.16666667 0 0 0) - 2
#(0 0 0.1923077 0 0 0) - 2
#(0 0 0.21794872 0 0 0) - 2
#(0 0 0.21794872 0 0 0) - 2
#(0 0 0.21794872 0 0 0) - 2
#(0 0 0.21794872 0 0 0) - 2
#(0 0 0.20512821 0 0 0) - 2
#(0 0 0.12820514 0 0 0) - 2
#(0 0 0 0 0 0) - 0
#(0 0 0 0 0 0) - 0
#(0 0 0 0 0 0) - 0
#(0 0 0 0 0 0) - 0
#(0 0 0 0 0 0) - 0
#(0 0 0 0 0 0) - 0
#(0 0 0 0 0 0) - 0
#(0 0 0 0 0 0) - 0
#(0 0 0.32051283 0 0 0) - 2
#(0 0 0.25641027 0 0 0) - 2
#(0 0 0.35897437 0 0 0) - 2
#(0 0 0.24358974 0 0 0) - 2
#(0 0 0.20512821 0 0 0) - 2
#(0 0 0.32051283 0 0 0) - 2
#(0 0 0.2820513 0 0 0) - 2
#(0 0 0.1923077 0 0 0) - 2
#(0 0 0.33333334 0 0 0) - 2
#(0 0 0.115384616 0 0 0) - 2
#(0 0 0.24358974 0 0 0) - 2
#(0 0 0.24358974 0 0 0) - 2
#(0 0 0.21794872 0 0 0) - 2
#(0 0 0.21794872 0 0 0) - 2
#(0 0 0.32051283 0 0 0) - 2
#(0 0 0.14102565 0 0 0) - 2
#(0 0 0.23076923 0 0 0) - 2
#(0 0 0.25641027 0 0 0) - 2
#(0 0 0.16666667 0 0 0) - 2
#(0 0 0 0 0 0) - 0
#(0 0 0.03846154 0 0 0) - 2
#(0 0 0.025641026 0 0 0) - 2
#(0 0 0.16666667 0 0 0) - 2
#(0 0 0.102564104 0 0 0) - 2
#(0 0 0.14102565 0 0 0) - 2
#(0 0 0.115384616 0 0 0) - 2
#(0 0 0.14102565 0 0 0) - 2
#(0 0 0.20512821 0 0 0) - 2
#(0 0 0.35897437 0 0 0) - 2
#(0 0 0.26923078 0 0 0) - 2
#(0 0 0.25641027 0 0 0) - 2
#(0 0 0.37179488 0 0 0) - 2
#(0 0 0.26923078 0 0 0) - 2
#(0 0 0.30769232 0 0 0) - 2
#(0 0 0.1923077 0 0 0) - 2
#(0 0 0.20512821 0 0 0) - 2
#(0 0 0.07692308 0 0 0) - 2
#(0 0 0.1923077 0 0 0) - 2
#(0 0 0.08974359 0 0 0) - 2
#(0 0 0 0 0 0) - 0
#(0 0 0.025641026 0 0 0) - 2
#(0 0 0 0 0 0) - 0
#(0 0 0 0 0 0) - 0
#(0 0 0.025641026 0 0 0) - 2
#(0 0 0 0 0 0) - 0
#(0 0 0.012820513 0 0 0) - 2
#(0 0 0.012820513 0 0 0) - 2
#(0 0 0 0 0 0) - 0
#(0 0 0.025641026 0 0 0) - 2
#(0 0 0.012820513 0 0 0) - 2
#(0 0 0 0 0 0) - 0
#(0 0 0.012820513 0 0 0) - 2
#(0 0 0.025641026 0 0 0) - 2
#(0 0 0 0 0 0) - 0
#(0 0 0 0 0 0) - 0
#(0 0 0.025641026 0 0 0) - 2
#(0 0 0.012820513 0 0 0) - 2
#(0 0 0.012820513 0 0 0) - 2
#(0 0 0 0 0 0) - 0
#(0 0 0 0 0 0) - 0
#(0 0 0 0 0 0) - 0
#(0 0 0 0 0 0) - 0
#(0 0 0.03846154 0 0 0) - 2
#(0 0 0 0 0 0) - 0
#(0 0 0.012820513 0 0 0) - 2
#(0 0 0 0 0 0) - 0
#(0 0 0 0 0 0) - 0
#(0 0 0.08974359 0 0 0) - 2
#(0 0 0.08974359 0 0 0) - 2
#(0 0 0.102564104 0 0 0) - 2
#(0 0 0.102564104 0 0 0) - 2
#(0 0 0.102564104 0 0 0) - 2
#(0 0 0.03846154 0 0 0) - 2
#(0 0 0.08974359 0 0 0) - 2
#(0 0 0.102564104 0 0 0) - 2
#(0 0 0.07692308 0 0 0) - 2
#(0 0 0.08974359 0 0 0) - 2
#(0 0 0.102564104 0 0 0) - 2
#(0 0 0.03846154 0 0 0) - 2
#(0 0 0.025641026 0 0 0) - 2
#(0 0 0.025641026 0 0 0) - 2
#(0 0 0.025641026 0 0 0) - 2
#(0 0 0 0 0 0) - 0
#(0 0 0 0 0 0) - 0
#(0 0 0.025641026 0 0 0) - 2
#(0 0 0 0 0 0) - 0
#(0 0 0 0 0 0) - 0
#(0 0 0.012820513 0 0 0) - 2
#(0 0 0.025641026 0 0 0) - 2
#(0 0 0.025641026 0 0 0) - 2
#(0 0 0.102564104 0 0 0) - 2
#(0 0 0.102564104 0 0 0) - 2
#(0 0 0.025641026 0 0 0) - 2
#(0 0 0.08974359 0 0 0) - 2
#(0 0 0.051282052 0 0 0) - 2
#(0 0 0.07692308 0 0 0) - 2
#(0 0 0.08974359 0 0 0) - 2
#(0 0 0.102564104 0 0 0) - 2
#(0 0 0.102564104 0 0 0) - 2
#(0 0 0.14102565 0 0 0) - 2
#(0 0 0.14102565 0 0 0) - 2
#(0 0 0.115384616 0 0 0) - 2
#(0 0 0.115384616 0 0 0) - 2
#(0 0 0.07692308 0 0 0) - 2
#(0 0 0.14102565 0 0 0) - 2
#(0 0 0.12820514 0 0 0) - 2
#(0 0 0.12820514 0 0 0) - 2
#(0 0 0.08974359 0 0 0) - 2
#(0 0 0.102564104 0 0 0) - 2
#(0 0 0.12820514 0 0 0) - 2
#(0 0 0.06410257 0 0 0) - 2
#(0 0 0.08974359 0 0 0) - 2
#(0 0 0.115384616 0 0 0) - 2
#(0 0 0.07692308 0 0 0) - 2
#(0 0 0.12820514 0 0 0) - 2
#(0 0 0.12820514 0 0 0) - 2
#(0 0 0.115384616 0 0 0) - 2
#(0 0 0.07692308 0 0 0) - 2
#(0 0 0.14102565 0 0 0) - 2
#(0 0 0.08974359 0 0 0) - 2
#(0 0 0.025641026 0 0 0) - 2
#(0 0 0 0 0 0) - 0
#(0 0 0.012820513 0 0 0) - 2
#(0 0 0 0 0 0) - 0
#(0 0 0.012820513 0 0 0) - 2
#(0 0 0 0 0 0) - 0
#(0 0 0 0 0 0) - 0
#(0 0 0.012820513 0 0 0) - 2
#(0 0 0 0 0 0) - 0
#(0 0 0.012820513 0 0 0) - 2
#(0 0 0.08974359 0 0 0) - 2
#(0 0 0.08974359 0 0 0) - 2
#(0 0 0.051282052 0 0 0) - 2
#(0 0 0.051282052 0 0 0) - 2
#(0 0 0.102564104 0 0 0) - 2
#(0 0 0.08974359 0 0 0) - 2
#(0 0 0.051282052 0 0 0) - 2
#(0 0 0.06410257 0 0 0) - 2
#(0 0 0.08974359 0 0 0) - 2
#(0 0 0.06410257 0 0 0) - 2
#(0 0 0.08974359 0 0 0) - 2
#(0 0 0.051282052 0 0 0) - 2
#(0 0 0.06410257 0 0 0) - 2
#(0 0 0.06410257 0 0 0) - 2
#(0 0 0.051282052 0 0 0) - 2
#(0 0 0 0 0 0) - 0
#(0 0 0 0 0 0) - 0
#(0 0 0 0 0 0) - 0
#(0 0 0.025641026 0 0 0) - 2
#(0 0 0.07692308 0 0 0) - 2
#(0 0 0.012820513 0 0 0) - 2
#(0 0 0.03846154 0 0 0) - 2
#(0 0 0.051282052 0 0 0) - 2
#(0 0 0.025641026 0 0 0) - 2
#(0 0 0 0 0 0) - 0
#(0 0 0 0 0 0) - 0
