
Grupo 0
#(0.15686275 0 0 0 0 0) - 0
#(0.039215688 0 0 0 0 0) - 0
#(0.026143791 0 0 0 0 0) - 0
#(0.006535948 0 0 0 0 0) - 0
#(0.039215688 0 0 0 0 0) - 0
#(0.039215688 0 0 0 0 0) - 0
#(0.13071896 0 0 0 0 0) - 0
#(0.078431375 0 0 0 0 0) - 0
#(0.026143791 0 0 0 0 0) - 0
#(0 0 0 0 0 0) - 0
#(0.06535948 0 0 0 0 0) - 0
#(0.06535948 0 0 0 0 0) - 0
#(0.06535948 0 0 0 0 0) - 0
#(0.05882353 0 0 0 0 0) - 0
#(0.06535948 0 0 0 0 0) - 0
#(0.05882353 0 0 0 0 0) - 0
#(0.06535948 0 0 0 0 0) - 0
#(0.26143792 0 0 0 0 0) - 0
#(0.33333334 0 0 0 0 0) - 0
#(0.26143792 0 0 0 0 0) - 0
#(0.33333334 0 0 0 0 0) - 0
#(0.1764706 0 0 0 0 0) - 0
#(0.13725491 0 0 0 0 0) - 0
#(0.1764706 0 0 0 0 0) - 0
#(0.18300654 0 0 0 0 0) - 0
#(0.39215687 0 0 0 0 0) - 0
#(0.26143792 0 0 0 0 0) - 0
#(0.33333334 0 0 0 0 0) - 0
#(0.26143792 0 0 0 0 0) - 0
#(0.13725491 0 0 0 0 0) - 0
#(0.40522876 0 0 0 0 0) - 0
#(0.18300654 0 0 0 0 0) - 0
#(0.47712418 0 0 0 0 0) - 0
#(0.23529412 0 0 0 0 0) - 0
#(0.13725491 0 0 0 0 0) - 0
#(0.09150327 0 0 0 0 0) - 0
#(0.08496732 0 0 0 0 0) - 0
#(0.13071896 0 0 0 0 0) - 0
#(0.08496732 0 0 0 0 0) - 0
#(0.078431375 0 0 0 0 0) - 0
#(0.08496732 0 0 0 0 0) - 0
#(0.08496732 0 0 0 0 0) - 0
#(0.07189543 0 0 0 0 0) - 0
#(0.08496732 0 0 0 0 0) - 0
#(0.07189543 0 0 0 0 0) - 0
#(0.09150327 0 0 0 0 0) - 0
#(0.078431375 0 0 0 0 0) - 0
#(0.078431375 0 0 0 0 0) - 0
#(0.08496732 0 0 0 0 0) - 0
#(0.078431375 0 0 0 0 0) - 0
#(0.06535948 0 0 0 0 0) - 0
#(0.14379086 0 0 0 0 0) - 0
#(0 0 0 0 0 0) - 0
#(0.019607844 0 0 0 0 0) - 0
#(0 0 0 0 0 0) - 0
#(0 0 0 0 0 0) - 0
#(0 0 0 0 0 0) - 0
#(0 0 0 0 0 0) - 0
#(0.30718955 0 0 0 0 0) - 0
#(0.36601308 0 0 0 0 0) - 0
#(0.13071896 0 0 0 0 0) - 0
#(0.20261438 0 0 0 0 0) - 0
#(0.30718955 0 0 0 0 0) - 0
#(0.36601308 0 0 0 0 0) - 0
#(0.1764706 0 0 0 0 0) - 0
#(0.22875817 0 0 0 0 0) - 0
#(0.20261438 0 0 0 0 0) - 0
#(0.26143792 0 0 0 0 0) - 0
#(0.24836601 0 0 0 0 0) - 0
#(0.24836601 0 0 0 0 0) - 0
#(0.21568628 0 0 0 0 0) - 0
#(0.18954249 0 0 0 0 0) - 0
#(0.24836601 0 0 0 0 0) - 0
#(0.22875817 0 0 0 0 0) - 0
#(0.21568628 0 0 0 0 0) - 0
#(0.14379086 0 0 0 0 0) - 0
#(0.16993465 0 0 0 0 0) - 0
#(0.36601308 0 0 0 0 0) - 0
#(0.26797387 0 0 0 0 0) - 0
#(0.18954249 0 0 0 0 0) - 0
#(0.3137255 0 0 0 0 0) - 0
#(0.36601308 0 0 0 0 0) - 0
#(0.26797387 0 0 0 0 0) - 0
#(0.23529412 0 0 0 0 0) - 0
#(0.26143792 0 0 0 0 0) - 0
#(0.21568628 0 0 0 0 0) - 0
#(0.006535948 0 0 0 0 0) - 0
#(0.019607844 0 0 0 0 0) - 0
#(0 0 0 0 0 0) - 0
#(0 0 0 0 0 0) - 0
#(0.05882353 0 0 0 0 0) - 0
#(0.05882353 0 0 0 0 0) - 0
#(0.006535948 0 0 0 0 0) - 0
#(0.006535948 0 0 0 0 0) - 0
#(0.03267974 0 0 0 0 0) - 0
#(0.039215688 0 0 0 0 0) - 0
#(0 0 0 0 0 0) - 0
#(0 0 0 0 0 0) - 0
#(0 0 0 0 0 0) - 0
#(0.07189543 0 0 0 0 0) - 0
#(0.013071896 0 0 0 0 0) - 0
#(0.13725491 0 0 0 0 0) - 0
#(0.026143791 0 0 0 0 0) - 0
#(0 0 0 0 0 0) - 0
#(0.006535948 0 0 0 0 0) - 0
#(0 0 0 0 0 0) - 0
#(0.104575165 0 0 0 0 0) - 0
#(0.11764706 0 0 0 0 0) - 0
#(0.104575165 0 0 0 0 0) - 0
#(0.09150327 0 0 0 0 0) - 0
#(0.039215688 0 0 0 0 0) - 0
#(0.045751635 0 0 0 0 0) - 0
#(0.045751635 0 0 0 0 0) - 0
#(0.06535948 0 0 0 0 0) - 0
#(0.052287582 0 0 0 0 0) - 0
#(0.045751635 0 0 0 0 0) - 0
#(0.045751635 0 0 0 0 0) - 0
#(0.104575165 0 0 0 0 0) - 0
#(0.11764706 0 0 0 0 0) - 0
#(0.104575165 0 0 0 0 0) - 0
#(0.09150327 0 0 0 0 0) - 0
#(0.039215688 0 0 0 0 0) - 0
#(0.06535948 0 0 0 0 0) - 0
#(0.039215688 0 0 0 0 0) - 0
#(0.06535948 0 0 0 0 0) - 0
#(0.05882353 0 0 0 0 0) - 0
#(0.06535948 0 0 0 0 0) - 0
#(0.05882353 0 0 0 0 0) - 0
#(0.06535948 0 0 0 0 0) - 0
#(0.05882353 0 0 0 0 0) - 0
#(0.06535948 0 0 0 0 0) - 0
#(0.07189543 0 0 0 0 0) - 0
#(0.06535948 0 0 0 0 0) - 0
#(0.06535948 0 0 0 0 0) - 0
#(0.039215688 0 0 0 0 0) - 0
#(0.05882353 0 0 0 0 0) - 0
#(0.052287582 0 0 0 0 0) - 0
#(0.07189543 0 0 0 0 0) - 0
#(0.05882353 0 0 0 0 0) - 0
#(0.052287582 0 0 0 0 0) - 0
#(0.05882353 0 0 0 0 0) - 0
#(0.11764706 0 0 0 0 0) - 0
#(0.06535948 0 0 0 0 0) - 0
#(0.05882353 0 0 0 0 0) - 0
#(0.045751635 0 0 0 0 0) - 0
#(0 0 0 0 0 0) - 0
#(0.06535948 0 0 0 0 0) - 0
#(0 0 0 0 0 0) - 0
#(0 0 0 0 0 0) - 0
#(0.013071896 0 0 0 0 0) - 0
#(0.006535948 0 0 0 0 0) - 0
#(0.006535948 0 0 0 0 0) - 0
#(0.006535948 0 0 0 0 0) - 0
#(0.006535948 0 0 0 0 0) - 0
#(0 0 0 0 0 0) - 0
#(0.006535948 0 0 0 0 0) - 0
#(0 0 0 0 0 0) - 0
#(0.006535948 0 0 0 0 0) - 0
#(0.006535948 0 0 0 0 0) - 0
#(0.006535948 0 0 0 0 0) - 0
#(0.006535948 0 0 0 0 0) - 0
#(0.006535948 0 0 0 0 0) - 0
#(0.006535948 0 0 0 0 0) - 0
#(0 0 0 0 0 0) - 0
#(0.013071896 0 0 0 0 0) - 0
#(0.006535948 0 0 0 0 0) - 0
#(0.013071896 0 0 0 0 0) - 0
#(0.013071896 0 0 0 0 0) - 0
#(0.006535948 0 0 0 0 0) - 0
#(0 0 0 0 0 0) - 0
#(0 0 0 0 0 0) - 0
#(0.006535948 0 0 0 0 0) - 0
#(0.013071896 0 0 0 0 0) - 0
#(0.006535948 0 0 0 0 0) - 0
#(0 0 0 0 0 0) - 0
#(0 0 0 0 0 0) - 0
#(0 0 0 0 0 0) - 0
#(0 0 0 0 0 0) - 0
#(0.006535948 0 0 0 0 0) - 0
#(0 0 0 0 0 0) - 0
#(0 0 0 0 0 0) - 0
#(0 0 0 0 0 0) - 0
#(0 0 0 0 0 0) - 0
#(0 0 0 0 0 0) - 0
#(0 0 0 0 0 0) - 0
#(0 0 0 0 0 0) - 0
#(0 0 0 0 0 0) - 0
#(0 0 0 0 0 0) - 0
#(0 0 0 0 0 0) - 0
#(0 0 0 0 0 0) - 0
#(0 0 0 0 0 0) - 0
#(0.006535948 0 0 0 0 0) - 0
#(0.38562092 0 0 0 0 0) - 0
#(0.24183007 0 0 0 0 0) - 0
#(0.45751634 0 0 0 0 0) - 0
#(0.38562092 0 0 0 0 0) - 0
#(0.26143792 0 0 0 0 0) - 0
#(0.45751634 0 0 0 0 0) - 0
#(0.22222222 0 0 0 0 0) - 0
#(0.4248366 0 0 0 0 0) - 0
#(0.22222222 0 0 0 0 0) - 0
#(0.4379085 0 0 0 0 0) - 0
#(0.24183007 0 0 0 0 0) - 0
#(0.22875817 0 0 0 0 0) - 0
#(0.4117647 0 0 0 0 0) - 0
#(0.24183007 0 0 0 0 0) - 0
#(0.5294118 0 0 0 0 0) - 0
#(0.21568628 0 0 0 0 0) - 0
#(0.24183007 0 0 0 0 0) - 0
#(0.22222222 0 0 0 0 0) - 0
#(0.12418301 0 0 0 0 0) - 0
#(0.27450982 0 0 0 0 0) - 0
#(0.21568628 0 0 0 0 0) - 0
#(0.12418301 0 0 0 0 0) - 0
#(0.08496732 0 0 0 0 0) - 0
#(0.13071896 0 0 0 0 0) - 0
#(0.104575165 0 0 0 0 0) - 0
#(0.14379086 0 0 0 0 0) - 0
#(0.08496732 0 0 0 0 0) - 0
#(0.08496732 0 0 0 0 0) - 0
#(0.08496732 0 0 0 0 0) - 0
#(0.08496732 0 0 0 0 0) - 0
#(0.078431375 0 0 0 0 0) - 0
#(0.09803922 0 0 0 0 0) - 0
#(0.09150327 0 0 0 0 0) - 0
#(0.09150327 0 0 0 0 0) - 0
#(0.07189543 0 0 0 0 0) - 0
#(0.06535948 0 0 0 0 0) - 0
#(0.09803922 0 0 0 0 0) - 0
#(0.06535948 0 0 0 0 0) - 0
#(0.078431375 0 0 0 0 0) - 0
#(0.09803922 0 0 0 0 0) - 0
#(0.06535948 0 0 0 0 0) - 0
#(0.078431375 0 0 0 0 0) - 0
#(0.08496732 0 0 0 0 0) - 0
#(0.03267974 0 0 0 0 0) - 0
#(0.039215688 0 0 0 0 0) - 0
#(0.026143791 0 0 0 0 0) - 0
#(0.06535948 0 0 0 0 0) - 0
#(0.013071896 0 0 0 0 0) - 0
#(0.013071896 0 0 0 0 0) - 0
#(0.019607844 0 0 0 0 0) - 0
#(0.03267974 0 0 0 0 0) - 0
#(0.03267974 0 0 0 0 0) - 0
#(0.03267974 0 0 0 0 0) - 0
#(0.026143791 0 0 0 0 0) - 0
#(0.03267974 0 0 0 0 0) - 0
#(0.039215688 0 0 0 0 0) - 0
#(0.05882353 0 0 0 0 0) - 0
#(0.039215688 0 0 0 0 0) - 0
#(0.019607844 0 0 0 0 0) - 0
#(0.039215688 0 0 0 0 0) - 0
#(0.039215688 0 0 0 0 0) - 0
#(0.039215688 0 0 0 0 0) - 0
#(0.019607844 0 0 0 0 0) - 0
#(0 0 0 0 0 0) - 0
#(0.03267974 0 0 0 0 0) - 0
#(0.03267974 0 0 0 0 0) - 0
#(0.03267974 0 0 0 0 0) - 0
#(0.03267974 0 0 0 0 0) - 0
#(0.03267974 0 0 0 0 0) - 0
#(0.09150327 0 0 0 0 0) - 0
#(0.039215688 0 0 0 0 0) - 0
#(0.03267974 0 0 0 0 0) - 0
#(0.03267974 0 0 0 0 0) - 0
#(0.03267974 0 0 0 0 0) - 0
#(0.013071896 0 0 0 0 0) - 0
#(0.013071896 0 0 0 0 0) - 0
#(0.013071896 0 0 0 0 0) - 0
#(0.03267974 0 0 0 0 0) - 0
#(0.019607844 0 0 0 0 0) - 0
#(0.03267974 0 0 0 0 0) - 0
#(0.03267974 0 0 0 0 0) - 0
#(0.006535948 0 0 0 0 0) - 0
#(0.039215688 0 0 0 0 0) - 0
#(0.006535948 0 0 0 0 0) - 0
#(0.019607844 0 0 0 0 0) - 0
#(0.03267974 0 0 0 0 0) - 0
#(0.039215688 0 0 0 0 0) - 0
#(0.026143791 0 0 0 0 0) - 0
#(0.03267974 0 0 0 0 0) - 0

Grupo 1
#(0 0 0 0 0 0) - 0
#(0 0 0 0 0 0) - 0
#(0 0 0 0 0 0) - 0
#(0 0 0 0 0 0) - 0
#(0 0 0 0 0 0) - 0
#(0 0 0 0 0 0) - 0
#(0 0 0 0 0 0) - 0
#(0 0 0 0 0 0) - 0
#(0 0 0 0 0 0) - 0
#(0 0 0 0 0 0) - 0
#(0 0 0 0 0 0) - 0
#(0 0 0 0 0 0) - 0
#(0 0 0 0 0 0) - 0
#(0 0 0 0 0 0) - 0
#(0 0 0 0 0 0) - 0
#(0 0 0 0 0 0) - 0
#(0 0 0 0 0 0) - 0
#(0 0 0 0 0 0) - 0
#(0 0 0 0 0 0) - 0
#(0 0 0 0 0 0) - 0
#(0 0 0 0 0 0) - 0
#(0 0 0 0 0 0) - 0
#(0 0 0 0 0 0) - 0
#(0 0 0 0 0 0) - 0
#(0 0 0 0 0 0) - 0
#(0 0 0 0 0 0) - 0
#(0 0 0 0 0 0) - 0
#(0 0 0 0 0 0) - 0
#(0 0 0 0 0 0) - 0
#(0 0 0 0 0 0) - 0
#(0 0 0 0 0 0) - 0
#(0 0 0 0 0 0) - 0
#(0 0 0 0 0 0) - 0
#(0 0 0 0 0 0) - 0
#(0 0 0 0 0 0) - 0
#(0 0 0 0 0 0) - 0
#(0 0 0 0 0 0) - 0
#(0 0 0 0 0 0) - 0
#(0 0 0 0 0 0) - 0
#(0 0 0 0 0 0) - 0
#(0 0 0 0 0 0) - 0
#(0 0 0 0 0 0) - 0
#(0 0 0 0 0 0) - 0
#(0 0 0 0 0 0) - 0
#(0 0 0 0 0 0) - 0
#(0 0 0 0 0 0) - 0
#(0 0 0 0 0 0) - 0
#(0 0 0 0 0 0) - 0
#(0 0 0 0 0 0) - 0
#(0 0 0 0 0 0) - 0
#(0 0 0 0 0 0) - 0
#(0 0.4226804 0 0 0 0) - 1
#(0 0.371134 0 0 0 0) - 1
#(0 0.30927834 0 0 0 0) - 1
#(0 0.28865978 0 0 0 0) - 1
#(0 0.4226804 0 0 0 0) - 1
#(0 0.34020618 0 0 0 0) - 1
#(0 0.20618556 0 0 0 0) - 1
#(0 0.24742268 0 0 0 0) - 1
#(0 0.22680412 0 0 0 0) - 1
#(0 0.30927834 0 0 0 0) - 1
#(0 0.4226804 0 0 0 0) - 1
#(0 0.4226804 0 0 0 0) - 1
#(0 0.28865978 0 0 0 0) - 1
#(0 0.4226804 0 0 0 0) - 1
#(0 0.4226804 0 0 0 0) - 1
#(0 0.11340206 0 0 0 0) - 1
#(0 0.2371134 0 0 0 0) - 1
#(0 0.0927835 0 0 0 0) - 1
#(0 0.20618556 0 0 0 0) - 1
#(0 0.12371134 0 0 0 0) - 1
#(0 0.10309278 0 0 0 0) - 1
#(0 0.4226804 0 0 0 0) - 1
#(0 0.4226804 0 0 0 0) - 1
#(0 0.28865978 0 0 0 0) - 1
#(0 0.4226804 0 0 0 0) - 1
#(0 0.4226804 0 0 0 0) - 1
#(0 0.31958762 0 0 0 0) - 1
#(0 0.34020618 0 0 0 0) - 1
#(0 0.14432989 0 0 0 0) - 1
#(0 0.25773194 0 0 0 0) - 1
#(0 0.2371134 0 0 0 0) - 1
#(0 0.17525773 0 0 0 0) - 1
#(0 0.30927834 0 0 0 0) - 1
#(0 0.24742268 0 0 0 0) - 1
#(0 0.11340206 0 0 0 0) - 1
#(0 0.16494845 0 0 0 0) - 1
#(0 0.17525773 0 0 0 0) - 1
#(0 0.11340206 0 0 0 0) - 1
#(0 0.21649484 0 0 0 0) - 1
#(0 0.22680412 0 0 0 0) - 1
#(0 0.185567 0 0 0 0) - 1
#(0 0.185567 0 0 0 0) - 1
#(0 0.24742268 0 0 0 0) - 1
#(0 0.17525773 0 0 0 0) - 1
#(0 0.16494845 0 0 0 0) - 1
#(0 0.25773194 0 0 0 0) - 1
#(0 0.2371134 0 0 0 0) - 1
#(0 0.2371134 0 0 0 0) - 1
#(0 0.25773194 0 0 0 0) - 1
#(0 0.4742268 0 0 0 0) - 1
#(0 0.45360824 0 0 0 0) - 1
#(0 0.44329897 0 0 0 0) - 1
#(0 0.29896906 0 0 0 0) - 1
#(0 0.16494845 0 0 0 0) - 1
#(0 0.15463917 0 0 0 0) - 1
#(0 0.25773194 0 0 0 0) - 1
#(0 0.48453608 0 0 0 0) - 1
#(0 0.5051546 0 0 0 0) - 1
#(0 0.0927835 0 0 0 0) - 1
#(0 0.24742268 0 0 0 0) - 1
#(0 0.10309278 0 0 0 0) - 1
#(0 0.35051546 0 0 0 0) - 1
#(0 0.34020618 0 0 0 0) - 1
#(0 0.40206185 0 0 0 0) - 1
#(0 0.28865978 0 0 0 0) - 1
#(0 0.4226804 0 0 0 0) - 1
#(0 0.19587629 0 0 0 0) - 1
#(0 0.0927835 0 0 0 0) - 1
#(0 0.0927835 0 0 0 0) - 1
#(0 0.49484536 0 0 0 0) - 1
#(0 0.19587629 0 0 0 0) - 1
#(0 0.13402061 0 0 0 0) - 1
#(0 0.12371134 0 0 0 0) - 1
#(0 0.05154639 0 0 0 0) - 1
#(0 0.3298969 0 0 0 0) - 1
#(0 0.4226804 0 0 0 0) - 1
#(0 0.19587629 0 0 0 0) - 1
#(0 0.25773194 0 0 0 0) - 1
#(0 0.041237112 0 0 0 0) - 1
#(0 0.010309278 0 0 0 0) - 1
#(0 0.041237112 0 0 0 0) - 1
#(0 0.041237112 0 0 0 0) - 1
#(0 0.030927835 0 0 0 0) - 1
#(0 0.010309278 0 0 0 0) - 1
#(0 0.041237112 0 0 0 0) - 1
#(0 0.041237112 0 0 0 0) - 1
#(0 0.041237112 0 0 0 0) - 1
#(0 0.14432989 0 0 0 0) - 1
#(0 0.010309278 0 0 0 0) - 1
#(0 0.14432989 0 0 0 0) - 1
#(0 0.14432989 0 0 0 0) - 1
#(0 0.041237112 0 0 0 0) - 1
#(0 0.010309278 0 0 0 0) - 1
#(0 0.010309278 0 0 0 0) - 1
#(0 0.010309278 0 0 0 0) - 1
#(0 0.041237112 0 0 0 0) - 1
#(0 0.041237112 0 0 0 0) - 1
#(0 0.041237112 0 0 0 0) - 1
#(0 0.041237112 0 0 0 0) - 1
#(0 0.041237112 0 0 0 0) - 1
#(0 0.010309278 0 0 0 0) - 1
#(0 0.041237112 0 0 0 0) - 1
#(0 0.041237112 0 0 0 0) - 1
#(0 0.041237112 0 0 0 0) - 1
#(0 0.010309278 0 0 0 0) - 1
#(0 0.010309278 0 0 0 0) - 1
#(0 0 0 0 0 0) - 0
#(0 0 0 0 0 0) - 0
#(0 0.010309278 0 0 0 0) - 1
#(0 0.020618556 0 0 0 0) - 1
#(0 0.010309278 0 0 0 0) - 1
#(0 0 0 0 0 0) - 0
#(0 0.010309278 0 0 0 0) - 1
#(0 0.05154639 0 0 0 0) - 1
#(0 0.10309278 0 0 0 0) - 1
#(0 0.010309278 0 0 0 0) - 1
#(0 0.030927835 0 0 0 0) - 1
#(0 0.020618556 0 0 0 0) - 1
#(0 0.030927835 0 0 0 0) - 1
#(0 0.020618556 0 0 0 0) - 1
#(0 0 0 0 0 0) - 0
#(0 0.10309278 0 0 0 0) - 1
#(0 0 0 0 0 0) - 0
#(0 0 0 0 0 0) - 0
#(0 0 0 0 0 0) - 0
#(0 0 0 0 0 0) - 0
#(0 0 0 0 0 0) - 0
#(0 0 0 0 0 0) - 0
#(0 0.072164945 0 0 0 0) - 1
#(0 0 0 0 0 0) - 0
#(0 0.082474224 0 0 0 0) - 1
#(0 0 0 0 0 0) - 0
#(0 0 0 0 0 0) - 0
#(0 0 0 0 0 0) - 0
#(0 0 0 0 0 0) - 0
#(0 0.0927835 0 0 0 0) - 1
#(0 0.082474224 0 0 0 0) - 1
#(0 0.12371134 0 0 0 0) - 1
#(0 0.072164945 0 0 0 0) - 1
#(0 0.072164945 0 0 0 0) - 1
#(0 0.072164945 0 0 0 0) - 1
#(0 0.072164945 0 0 0 0) - 1
#(0 0.072164945 0 0 0 0) - 1
#(0 0.072164945 0 0 0 0) - 1
#(0 0.010309278 0 0 0 0) - 1
#(0 0.030927835 0 0 0 0) - 1
#(0 0.030927835 0 0 0 0) - 1
#(0 0.05154639 0 0 0 0) - 1
#(0 0 0 0 0 0) - 0
#(0 0 0 0 0 0) - 0
#(0 0 0 0 0 0) - 0
#(0 0 0 0 0 0) - 0
#(0 0 0 0 0 0) - 0
#(0 0 0 0 0 0) - 0
#(0 0 0 0 0 0) - 0
#(0 0 0 0 0 0) - 0
#(0 0 0 0 0 0) - 0
#(0 0 0 0 0 0) - 0
#(0 0 0 0 0 0) - 0
#(0 0.020618556 0 0 0 0) - 1
#(0 0.05154639 0 0 0 0) - 1
#(0 0.030927835 0 0 0 0) - 1
#(0 0.05154639 0 0 0 0) - 1
#(0 0.041237112 0 0 0 0) - 1
#(0 0.072164945 0 0 0 0) - 1
#(0 0.072164945 0 0 0 0) - 1
#(0 0.010309278 0 0 0 0) - 1
#(0 0.030927835 0 0 0 0) - 1
#(0 0.05154639 0 0 0 0) - 1
#(0 0.072164945 0 0 0 0) - 1
#(0 0.05154639 0 0 0 0) - 1
#(0 0.05154639 0 0 0 0) - 1
#(0 0.072164945 0 0 0 0) - 1
#(0 0.010309278 0 0 0 0) - 1
#(0 0.05154639 0 0 0 0) - 1
#(0 0.072164945 0 0 0 0) - 1
#(0 0.010309278 0 0 0 0) - 1
#(0 0 0 0 0 0) - 0
#(0 0 0 0 0 0) - 0
#(0 0 0 0 0 0) - 0
#(0 0.072164945 0 0 0 0) - 1
#(0 0.072164945 0 0 0 0) - 1
#(0 0.072164945 0 0 0 0) - 1
#(0 0.072164945 0 0 0 0) - 1
#(0 0.010309278 0 0 0 0) - 1
#(0 0 0 0 0 0) - 0
#(0 0 0 0 0 0) - 0
#(0 0 0 0 0 0) - 0
#(0 0 0 0 0 0) - 0
#(0 0 0 0 0 0) - 0
#(0 0 0 0 0 0) - 0
#(0 0 0 0 0 0) - 0
#(0 0 0 0 0 0) - 0
#(0 0 0 0 0 0) - 0
#(0 0 0 0 0 0) - 0
#(0 0 0 0 0 0) - 0
#(0 0 0 0 0 0) - 0
#(0 0 0 0 0 0) - 0
#(0 0 0 0 0 0) - 0
#(0 0 0 0 0 0) - 0
#(0 0 0 0 0 0) - 0
#(0 0 0 0 0 0) - 0
#(0 0 0 0 0 0) - 0
#(0 0 0 0 0 0) - 0

Grupo 2
#(0 0 0 0 0 0) - 0
#(0 0 0 0 0 0) - 0
#(0 0 0 0 0 0) - 0
#(0 0 0.018518519 0 0 0) - 2
#(0 0 0 0 0 0) - 0
#(0 0 0 0 0 0) - 0
#(0 0 0 0 0 0) - 0
#(0 0 0 0 0 0) - 0
#(0 0 0.018518519 0 0 0) - 2
#(0 0 0 0 0 0) - 0
#(0 0 0 0 0 0) - 0
#(0 0 0 0 0 0) - 0
#(0 0 0 0 0 0) - 0
#(0 0 0 0 0 0) - 0
#(0 0 0 0 0 0) - 0
#(0 0 0 0 0 0) - 0
#(0 0 0 0 0 0) - 0
#(0 0 0 0 0 0) - 0
#(0 0 0 0 0 0) - 0
#(0 0 0 0 0 0) - 0
#(0 0 0 0 0 0) - 0
#(0 0 0 0 0 0) - 0
#(0 0 0 0 0 0) - 0
#(0 0 0 0 0 0) - 0
#(0 0 0 0 0 0) - 0
#(0 0 0 0 0 0) - 0
#(0 0 0 0 0 0) - 0
#(0 0 0.18518518 0 0 0) - 2
#(0 0 0.18518518 0 0 0) - 2
#(0 0 0.18518518 0 0 0) - 2
#(0 0 0.18518518 0 0 0) - 2
#(0 0 0.18518518 0 0 0) - 2
#(0 0 0.18518518 0 0 0) - 2
#(0 0 0.18518518 0 0 0) - 2
#(0 0 0.11111111 0 0 0) - 2
#(0 0 0.11111111 0 0 0) - 2
#(0 0 0.074074075 0 0 0) - 2
#(0 0 0.11111111 0 0 0) - 2
#(0 0 0.18518518 0 0 0) - 2
#(0 0 0.18518518 0 0 0) - 2
#(0 0 0.18518518 0 0 0) - 2
#(0 0 0.18518518 0 0 0) - 2
#(0 0 0.18518518 0 0 0) - 2
#(0 0 0.18518518 0 0 0) - 2
#(0 0 0.11111111 0 0 0) - 2
#(0 0 0 0 0 0) - 0
#(0 0 0 0 0 0) - 0
#(0 0 0 0 0 0) - 0
#(0 0 0 0 0 0) - 0
#(0 0 0 0 0 0) - 0
#(0 0 0 0 0 0) - 0
#(0 0 0 0 0 0) - 0
#(0 0 0 0 0 0) - 0
#(0 0 0.37037036 0 0 0) - 2
#(0 0 0.3148148 0 0 0) - 2
#(0 0 0.42592594 0 0 0) - 2
#(0 0 0.3148148 0 0 0) - 2
#(0 0 0.25925925 0 0 0) - 2
#(0 0 0.3888889 0 0 0) - 2
#(0 0 0.35185185 0 0 0) - 2
#(0 0 0.25925925 0 0 0) - 2
#(0 0 0.3888889 0 0 0) - 2
#(0 0 0.16666667 0 0 0) - 2
#(0 0 0.33333334 0 0 0) - 2
#(0 0 0.2962963 0 0 0) - 2
#(0 0 0.2962963 0 0 0) - 2
#(0 0 0.2962963 0 0 0) - 2
#(0 0 0.4074074 0 0 0) - 2
#(0 0 0.2037037 0 0 0) - 2
#(0 0 0.2777778 0 0 0) - 2
#(0 0 0.2962963 0 0 0) - 2
#(0 0 0.2037037 0 0 0) - 2
#(0 0 0 0 0 0) - 0
#(0 0 0.018518519 0 0 0) - 2
#(0 0 0 0 0 0) - 0
#(0 0 0.2037037 0 0 0) - 2
#(0 0 0.14814815 0 0 0) - 2
#(0 0 0.16666667 0 0 0) - 2
#(0 0 0.12962963 0 0 0) - 2
#(0 0 0.16666667 0 0 0) - 2
#(0 0 0.24074075 0 0 0) - 2
#(0 0 0.42592594 0 0 0) - 2
#(0 0 0.3148148 0 0 0) - 2
#(0 0 0.2962963 0 0 0) - 2
#(0 0 0.42592594 0 0 0) - 2
#(0 0 0.33333334 0 0 0) - 2
#(0 0 0.35185185 0 0 0) - 2
#(0 0 0.2777778 0 0 0) - 2
#(0 0 0.2962963 0 0 0) - 2
#(0 0 0.11111111 0 0 0) - 2
#(0 0 0.24074075 0 0 0) - 2
#(0 0 0.12962963 0 0 0) - 2
#(0 0 0 0 0 0) - 0
#(0 0 0 0 0 0) - 0
#(0 0 0 0 0 0) - 0
#(0 0 0 0 0 0) - 0
#(0 0 0.018518519 0 0 0) - 2
#(0 0 0 0 0 0) - 0
#(0 0 0 0 0 0) - 0
#(0 0 0 0 0 0) - 0
#(0 0 0 0 0 0) - 0
#(0 0 0.018518519 0 0 0) - 2
#(0 0 0.018518519 0 0 0) - 2
#(0 0 0 0 0 0) - 0
#(0 0 0 0 0 0) - 0
#(0 0 0.018518519 0 0 0) - 2
#(0 0 0 0 0 0) - 0
#(0 0 0 0 0 0) - 0
#(0 0 0 0 0 0) - 0
#(0 0 0 0 0 0) - 0
#(0 0 0 0 0 0) - 0
#(0 0 0 0 0 0) - 0
#(0 0 0 0 0 0) - 0
#(0 0 0 0 0 0) - 0
#(0 0 0 0 0 0) - 0
#(0 0 0.018518519 0 0 0) - 2
#(0 0 0 0 0 0) - 0
#(0 0 0 0 0 0) - 0
#(0 0 0 0 0 0) - 0
#(0 0 0 0 0 0) - 0
#(0 0 0.12962963 0 0 0) - 2
#(0 0 0.12962963 0 0 0) - 2
#(0 0 0.12962963 0 0 0) - 2
#(0 0 0.12962963 0 0 0) - 2
#(0 0 0.12962963 0 0 0) - 2
#(0 0 0.037037037 0 0 0) - 2
#(0 0 0.11111111 0 0 0) - 2
#(0 0 0.12962963 0 0 0) - 2
#(0 0 0.11111111 0 0 0) - 2
#(0 0 0.12962963 0 0 0) - 2
#(0 0 0.12962963 0 0 0) - 2
#(0 0 0.055555556 0 0 0) - 2
#(0 0 0.018518519 0 0 0) - 2
#(0 0 0.018518519 0 0 0) - 2
#(0 0 0.018518519 0 0 0) - 2
#(0 0 0 0 0 0) - 0
#(0 0 0 0 0 0) - 0
#(0 0 0.018518519 0 0 0) - 2
#(0 0 0 0 0 0) - 0
#(0 0 0 0 0 0) - 0
#(0 0 0 0 0 0) - 0
#(0 0 0.018518519 0 0 0) - 2
#(0 0 0.018518519 0 0 0) - 2
#(0 0 0.12962963 0 0 0) - 2
#(0 0 0.12962963 0 0 0) - 2
#(0 0 0.037037037 0 0 0) - 2
#(0 0 0.11111111 0 0 0) - 2
#(0 0 0.055555556 0 0 0) - 2
#(0 0 0.11111111 0 0 0) - 2
#(0 0 0.12962963 0 0 0) - 2
#(0 0 0.12962963 0 0 0) - 2
#(0 0 0.12962963 0 0 0) - 2
#(0 0 0.14814815 0 0 0) - 2
#(0 0 0.14814815 0 0 0) - 2
#(0 0 0.12962963 0 0 0) - 2
#(0 0 0.12962963 0 0 0) - 2
#(0 0 0.055555556 0 0 0) - 2
#(0 0 0.14814815 0 0 0) - 2
#(0 0 0.14814815 0 0 0) - 2
#(0 0 0.14814815 0 0 0) - 2
#(0 0 0.12962963 0 0 0) - 2
#(0 0 0.12962963 0 0 0) - 2
#(0 0 0.14814815 0 0 0) - 2
#(0 0 0.074074075 0 0 0) - 2
#(0 0 0.09259259 0 0 0) - 2
#(0 0 0.11111111 0 0 0) - 2
#(0 0 0.11111111 0 0 0) - 2
#(0 0 0.14814815 0 0 0) - 2
#(0 0 0.14814815 0 0 0) - 2
#(0 0 0.14814815 0 0 0) - 2
#(0 0 0.09259259 0 0 0) - 2
#(0 0 0.14814815 0 0 0) - 2
#(0 0 0.074074075 0 0 0) - 2
#(0 0 0.018518519 0 0 0) - 2
#(0 0 0 0 0 0) - 0
#(0 0 0 0 0 0) - 0
#(0 0 0 0 0 0) - 0
#(0 0 0 0 0 0) - 0
#(0 0 0 0 0 0) - 0
#(0 0 0 0 0 0) - 0
#(0 0 0.018518519 0 0 0) - 2
#(0 0 0 0 0 0) - 0
#(0 0 0.018518519 0 0 0) - 2
#(0 0 0.074074075 0 0 0) - 2
#(0 0 0.074074075 0 0 0) - 2
#(0 0 0.055555556 0 0 0) - 2
#(0 0 0.055555556 0 0 0) - 2
#(0 0 0.074074075 0 0 0) - 2
#(0 0 0.074074075 0 0 0) - 2
#(0 0 0.055555556 0 0 0) - 2
#(0 0 0.055555556 0 0 0) - 2
#(0 0 0.074074075 0 0 0) - 2
#(0 0 0.074074075 0 0 0) - 2
#(0 0 0.074074075 0 0 0) - 2
#(0 0 0.055555556 0 0 0) - 2
#(0 0 0.055555556 0 0 0) - 2
#(0 0 0.055555556 0 0 0) - 2
#(0 0 0.055555556 0 0 0) - 2
#(0 0 0 0 0 0) - 0
#(0 0 0 0 0 0) - 0
#(0 0 0 0 0 0) - 0
#(0 0 0.018518519 0 0 0) - 2
#(0 0 0.037037037 0 0 0) - 2
#(0 0 0.018518519 0 0 0) - 2
#(0 0 0.018518519 0 0 0) - 2
#(0 0 0.018518519 0 0 0) - 2
#(0 0 0 0 0 0) - 0
#(0 0 0 0 0 0) - 0
#(0 0 0 0 0 0) - 0
