
Grupo 0
#(0.11827957 0 0 0 0 0) - 0
#(0 0 0 0 0 0) - 0
#(0.021505376 0 0 0 0 0) - 0
#(0 0 0 0 0 0) - 0
#(0.032258064 0 0 0 0 0) - 0
#(0 0 0 0 0 0) - 0
#(0.11827957 0 0 0 0 0) - 0
#(0.11827957 0 0 0 0 0) - 0
#(0.032258064 0 0 0 0 0) - 0
#(0 0 0 0 0 0) - 0
#(0.07526882 0 0 0 0 0) - 0
#(0.07526882 0 0 0 0 0) - 0
#(0.07526882 0 0 0 0 0) - 0
#(0.07526882 0 0 0 0 0) - 0
#(0.07526882 0 0 0 0 0) - 0
#(0.07526882 0 0 0 0 0) - 0
#(0.07526882 0 0 0 0 0) - 0
#(0.38709676 0 0 0 0 0) - 0
#(0.4516129 0 0 0 0 0) - 0
#(0.38709676 0 0 0 0 0) - 0
#(0.4516129 0 0 0 0 0) - 0
#(0.29032257 0 0 0 0 0) - 0
#(0.1827957 0 0 0 0 0) - 0
#(0.2795699 0 0 0 0 0) - 0
#(0.1827957 0 0 0 0 0) - 0
#(0.2795699 0 0 0 0 0) - 0
#(0.38709676 0 0 0 0 0) - 0
#(0.4516129 0 0 0 0 0) - 0
#(0.38709676 0 0 0 0 0) - 0
#(0.21505377 0 0 0 0 0) - 0
#(0.38709676 0 0 0 0 0) - 0
#(0.20430107 0 0 0 0 0) - 0
#(0.47311828 0 0 0 0 0) - 0
#(0.3655914 0 0 0 0 0) - 0
#(0.21505377 0 0 0 0 0) - 0
#(0.15053764 0 0 0 0 0) - 0
#(0.13978495 0 0 0 0 0) - 0
#(0.12903225 0 0 0 0 0) - 0
#(0.12903225 0 0 0 0 0) - 0
#(0.11827957 0 0 0 0 0) - 0
#(0.12903225 0 0 0 0 0) - 0
#(0.11827957 0 0 0 0 0) - 0
#(0.11827957 0 0 0 0 0) - 0
#(0.12903225 0 0 0 0 0) - 0
#(0.11827957 0 0 0 0 0) - 0
#(0.13978495 0 0 0 0 0) - 0
#(0.12903225 0 0 0 0 0) - 0
#(0.12903225 0 0 0 0 0) - 0
#(0.11827957 0 0 0 0 0) - 0
#(0.12903225 0 0 0 0 0) - 0
#(0.10752688 0 0 0 0 0) - 0
#(0.12903225 0 0 0 0 0) - 0
#(0 0 0 0 0 0) - 0
#(0.032258064 0 0 0 0 0) - 0
#(0 0 0 0 0 0) - 0
#(0 0 0 0 0 0) - 0
#(0 0 0 0 0 0) - 0
#(0 0 0 0 0 0) - 0
#(0.2795699 0 0 0 0 0) - 0
#(0.2795699 0 0 0 0 0) - 0
#(0.20430107 0 0 0 0 0) - 0
#(0.22580644 0 0 0 0 0) - 0
#(0.2795699 0 0 0 0 0) - 0
#(0.2795699 0 0 0 0 0) - 0
#(0.19354838 0 0 0 0 0) - 0
#(0.26881722 0 0 0 0 0) - 0
#(0.23655914 0 0 0 0 0) - 0
#(0.24731183 0 0 0 0 0) - 0
#(0.2795699 0 0 0 0 0) - 0
#(0.2795699 0 0 0 0 0) - 0
#(0.2580645 0 0 0 0 0) - 0
#(0.2795699 0 0 0 0 0) - 0
#(0.2795699 0 0 0 0 0) - 0
#(0.26881722 0 0 0 0 0) - 0
#(0.2580645 0 0 0 0 0) - 0
#(0.22580644 0 0 0 0 0) - 0
#(0.19354838 0 0 0 0 0) - 0
#(0.2795699 0 0 0 0 0) - 0
#(0.24731183 0 0 0 0 0) - 0
#(0.20430107 0 0 0 0 0) - 0
#(0.24731183 0 0 0 0 0) - 0
#(0.2795699 0 0 0 0 0) - 0
#(0.24731183 0 0 0 0 0) - 0
#(0.20430107 0 0 0 0 0) - 0
#(0.24731183 0 0 0 0 0) - 0
#(0.22580644 0 0 0 0 0) - 0
#(0 0 0 0 0 0) - 0
#(0.021505376 0 0 0 0 0) - 0
#(0 0 0 0 0 0) - 0
#(0 0 0 0 0 0) - 0
#(0.09677419 0 0 0 0 0) - 0
#(0.09677419 0 0 0 0 0) - 0
#(0 0 0 0 0 0) - 0
#(0 0 0 0 0 0) - 0
#(0.043010753 0 0 0 0 0) - 0
#(0.010752688 0 0 0 0 0) - 0
#(0 0 0 0 0 0) - 0
#(0 0 0 0 0 0) - 0
#(0 0 0 0 0 0) - 0
#(0.11827957 0 0 0 0 0) - 0
#(0 0 0 0 0 0) - 0
#(0.086021505 0 0 0 0 0) - 0
#(0.010752688 0 0 0 0 0) - 0
#(0 0 0 0 0 0) - 0
#(0.010752688 0 0 0 0 0) - 0
#(0 0 0 0 0 0) - 0
#(0.032258064 0 0 0 0 0) - 0
#(0.12903225 0 0 0 0 0) - 0
#(0.032258064 0 0 0 0 0) - 0
#(0.021505376 0 0 0 0 0) - 0
#(0 0 0 0 0 0) - 0
#(0.010752688 0 0 0 0 0) - 0
#(0.010752688 0 0 0 0 0) - 0
#(0.032258064 0 0 0 0 0) - 0
#(0.010752688 0 0 0 0 0) - 0
#(0 0 0 0 0 0) - 0
#(0.010752688 0 0 0 0 0) - 0
#(0.032258064 0 0 0 0 0) - 0
#(0.12903225 0 0 0 0 0) - 0
#(0.032258064 0 0 0 0 0) - 0
#(0.021505376 0 0 0 0 0) - 0
#(0 0 0 0 0 0) - 0
#(0.032258064 0 0 0 0 0) - 0
#(0 0 0 0 0 0) - 0
#(0.032258064 0 0 0 0 0) - 0
#(0.032258064 0 0 0 0 0) - 0
#(0.032258064 0 0 0 0 0) - 0
#(0.07526882 0 0 0 0 0) - 0
#(0.07526882 0 0 0 0 0) - 0
#(0.07526882 0 0 0 0 0) - 0
#(0.07526882 0 0 0 0 0) - 0
#(0.086021505 0 0 0 0 0) - 0
#(0.07526882 0 0 0 0 0) - 0
#(0.07526882 0 0 0 0 0) - 0
#(0.043010753 0 0 0 0 0) - 0
#(0.06451613 0 0 0 0 0) - 0
#(0.06451613 0 0 0 0 0) - 0
#(0.07526882 0 0 0 0 0) - 0
#(0.07526882 0 0 0 0 0) - 0
#(0.07526882 0 0 0 0 0) - 0
#(0.07526882 0 0 0 0 0) - 0
#(0.07526882 0 0 0 0 0) - 0
#(0.07526882 0 0 0 0 0) - 0
#(0.07526882 0 0 0 0 0) - 0
#(0.043010753 0 0 0 0 0) - 0
#(0 0 0 0 0 0) - 0
#(0.010752688 0 0 0 0 0) - 0
#(0 0 0 0 0 0) - 0
#(0 0 0 0 0 0) - 0
#(0.010752688 0 0 0 0 0) - 0
#(0 0 0 0 0 0) - 0
#(0.010752688 0 0 0 0 0) - 0
#(0 0 0 0 0 0) - 0
#(0 0 0 0 0 0) - 0
#(0 0 0 0 0 0) - 0
#(0.010752688 0 0 0 0 0) - 0
#(0 0 0 0 0 0) - 0
#(0.010752688 0 0 0 0 0) - 0
#(0.010752688 0 0 0 0 0) - 0
#(0.010752688 0 0 0 0 0) - 0
#(0.010752688 0 0 0 0 0) - 0
#(0.010752688 0 0 0 0 0) - 0
#(0.010752688 0 0 0 0 0) - 0
#(0 0 0 0 0 0) - 0
#(0.010752688 0 0 0 0 0) - 0
#(0.010752688 0 0 0 0 0) - 0
#(0.010752688 0 0 0 0 0) - 0
#(0.010752688 0 0 0 0 0) - 0
#(0 0 0 0 0 0) - 0
#(0 0 0 0 0 0) - 0
#(0 0 0 0 0 0) - 0
#(0.010752688 0 0 0 0 0) - 0
#(0.010752688 0 0 0 0 0) - 0
#(0.010752688 0 0 0 0 0) - 0
#(0 0 0 0 0 0) - 0
#(0 0 0 0 0 0) - 0
#(0 0 0 0 0 0) - 0
#(0 0 0 0 0 0) - 0
#(0.010752688 0 0 0 0 0) - 0
#(0 0 0 0 0 0) - 0
#(0 0 0 0 0 0) - 0
#(0 0 0 0 0 0) - 0
#(0 0 0 0 0 0) - 0
#(0 0 0 0 0 0) - 0
#(0 0 0 0 0 0) - 0
#(0 0 0 0 0 0) - 0
#(0 0 0 0 0 0) - 0
#(0 0 0 0 0 0) - 0
#(0 0 0 0 0 0) - 0
#(0 0 0 0 0 0) - 0
#(0 0 0 0 0 0) - 0
#(0.010752688 0 0 0 0 0) - 0
#(0.48387095 0 0 0 0 0) - 0
#(0.2795699 0 0 0 0 0) - 0
#(0.5268817 0 0 0 0 0) - 0
#(0.48387095 0 0 0 0 0) - 0
#(0.26881722 0 0 0 0 0) - 0
#(0.5268817 0 0 0 0 0) - 0
#(0.3548387 0 0 0 0 0) - 0
#(0.49462366 0 0 0 0 0) - 0
#(0.3548387 0 0 0 0 0) - 0
#(0.49462366 0 0 0 0 0) - 0
#(0.2795699 0 0 0 0 0) - 0
#(0.26881722 0 0 0 0 0) - 0
#(0.5268817 0 0 0 0 0) - 0
#(0.2795699 0 0 0 0 0) - 0
#(0.5483871 0 0 0 0 0) - 0
#(0.33333334 0 0 0 0 0) - 0
#(0.38709676 0 0 0 0 0) - 0
#(0.3655914 0 0 0 0 0) - 0
#(0.20430107 0 0 0 0 0) - 0
#(0.38709676 0 0 0 0 0) - 0
#(0.33333334 0 0 0 0 0) - 0
#(0.12903225 0 0 0 0 0) - 0
#(0.13978495 0 0 0 0 0) - 0
#(0.12903225 0 0 0 0 0) - 0
#(0.16129032 0 0 0 0 0) - 0
#(0.13978495 0 0 0 0 0) - 0
#(0.12903225 0 0 0 0 0) - 0
#(0.13978495 0 0 0 0 0) - 0
#(0.13978495 0 0 0 0 0) - 0
#(0.13978495 0 0 0 0 0) - 0
#(0.11827957 0 0 0 0 0) - 0
#(0.15053764 0 0 0 0 0) - 0
#(0.13978495 0 0 0 0 0) - 0
#(0.13978495 0 0 0 0 0) - 0
#(0.11827957 0 0 0 0 0) - 0
#(0.10752688 0 0 0 0 0) - 0
#(0.15053764 0 0 0 0 0) - 0
#(0.10752688 0 0 0 0 0) - 0
#(0.11827957 0 0 0 0 0) - 0
#(0.12903225 0 0 0 0 0) - 0
#(0.09677419 0 0 0 0 0) - 0
#(0.11827957 0 0 0 0 0) - 0
#(0.05376344 0 0 0 0 0) - 0
#(0.05376344 0 0 0 0 0) - 0
#(0.05376344 0 0 0 0 0) - 0
#(0.043010753 0 0 0 0 0) - 0
#(0.021505376 0 0 0 0 0) - 0
#(0.021505376 0 0 0 0 0) - 0
#(0.021505376 0 0 0 0 0) - 0
#(0.021505376 0 0 0 0 0) - 0
#(0.043010753 0 0 0 0 0) - 0
#(0.043010753 0 0 0 0 0) - 0
#(0.043010753 0 0 0 0 0) - 0
#(0.032258064 0 0 0 0 0) - 0
#(0.043010753 0 0 0 0 0) - 0
#(0.05376344 0 0 0 0 0) - 0
#(0.06451613 0 0 0 0 0) - 0
#(0.05376344 0 0 0 0 0) - 0
#(0.021505376 0 0 0 0 0) - 0
#(0.05376344 0 0 0 0 0) - 0
#(0.05376344 0 0 0 0 0) - 0
#(0.05376344 0 0 0 0 0) - 0
#(0.021505376 0 0 0 0 0) - 0
#(0 0 0 0 0 0) - 0
#(0.043010753 0 0 0 0 0) - 0
#(0.043010753 0 0 0 0 0) - 0
#(0.043010753 0 0 0 0 0) - 0
#(0.043010753 0 0 0 0 0) - 0
#(0.043010753 0 0 0 0 0) - 0
#(0.05376344 0 0 0 0 0) - 0
#(0.05376344 0 0 0 0 0) - 0
#(0.043010753 0 0 0 0 0) - 0
#(0.043010753 0 0 0 0 0) - 0
#(0.05376344 0 0 0 0 0) - 0
#(0.021505376 0 0 0 0 0) - 0
#(0.021505376 0 0 0 0 0) - 0
#(0.021505376 0 0 0 0 0) - 0
#(0.05376344 0 0 0 0 0) - 0
#(0.032258064 0 0 0 0 0) - 0
#(0.05376344 0 0 0 0 0) - 0
#(0.05376344 0 0 0 0 0) - 0
#(0.010752688 0 0 0 0 0) - 0
#(0.06451613 0 0 0 0 0) - 0
#(0.010752688 0 0 0 0 0) - 0
#(0.032258064 0 0 0 0 0) - 0
#(0.05376344 0 0 0 0 0) - 0
#(0.06451613 0 0 0 0 0) - 0
#(0.043010753 0 0 0 0 0) - 0
#(0.05376344 0 0 0 0 0) - 0

Grupo 1
#(0 0 0 0 0 0) - 0
#(0 0 0 0 0 0) - 0
#(0 0 0 0 0 0) - 0
#(0 0 0 0 0 0) - 0
#(0 0 0 0 0 0) - 0
#(0 0 0 0 0 0) - 0
#(0 0 0 0 0 0) - 0
#(0 0 0 0 0 0) - 0
#(0 0 0 0 0 0) - 0
#(0 0 0 0 0 0) - 0
#(0 0 0 0 0 0) - 0
#(0 0 0 0 0 0) - 0
#(0 0 0 0 0 0) - 0
#(0 0 0 0 0 0) - 0
#(0 0 0 0 0 0) - 0
#(0 0 0 0 0 0) - 0
#(0 0 0 0 0 0) - 0
#(0 0 0 0 0 0) - 0
#(0 0 0 0 0 0) - 0
#(0 0 0 0 0 0) - 0
#(0 0 0 0 0 0) - 0
#(0 0 0 0 0 0) - 0
#(0 0 0 0 0 0) - 0
#(0 0 0 0 0 0) - 0
#(0 0 0 0 0 0) - 0
#(0 0 0 0 0 0) - 0
#(0 0 0 0 0 0) - 0
#(0 0 0 0 0 0) - 0
#(0 0 0 0 0 0) - 0
#(0 0 0 0 0 0) - 0
#(0 0 0 0 0 0) - 0
#(0 0 0 0 0 0) - 0
#(0 0 0 0 0 0) - 0
#(0 0 0 0 0 0) - 0
#(0 0 0 0 0 0) - 0
#(0 0 0 0 0 0) - 0
#(0 0 0 0 0 0) - 0
#(0 0 0 0 0 0) - 0
#(0 0 0 0 0 0) - 0
#(0 0 0 0 0 0) - 0
#(0 0 0 0 0 0) - 0
#(0 0 0 0 0 0) - 0
#(0 0 0 0 0 0) - 0
#(0 0 0 0 0 0) - 0
#(0 0 0 0 0 0) - 0
#(0 0 0 0 0 0) - 0
#(0 0 0 0 0 0) - 0
#(0 0 0 0 0 0) - 0
#(0 0 0 0 0 0) - 0
#(0 0 0 0 0 0) - 0
#(0 0 0 0 0 0) - 0
#(0 0.4225352 0 0 0 0) - 1
#(0 0.36619717 0 0 0 0) - 1
#(0 0.30985916 0 0 0 0) - 1
#(0 0.29577464 0 0 0 0) - 1
#(0 0.4225352 0 0 0 0) - 1
#(0 0.33802816 0 0 0 0) - 1
#(0 0.26760563 0 0 0 0) - 1
#(0 0.29577464 0 0 0 0) - 1
#(0 0.28169015 0 0 0 0) - 1
#(0 0.30985916 0 0 0 0) - 1
#(0 0.4225352 0 0 0 0) - 1
#(0 0.4084507 0 0 0 0) - 1
#(0 0.29577464 0 0 0 0) - 1
#(0 0.4225352 0 0 0 0) - 1
#(0 0.4225352 0 0 0 0) - 1
#(0 0.14084508 0 0 0 0) - 1
#(0 0.2535211 0 0 0 0) - 1
#(0 0.112676054 0 0 0 0) - 1
#(0 0.26760563 0 0 0 0) - 1
#(0 0.12676056 0 0 0 0) - 1
#(0 0.08450704 0 0 0 0) - 1
#(0 0.4225352 0 0 0 0) - 1
#(0 0.4084507 0 0 0 0) - 1
#(0 0.29577464 0 0 0 0) - 1
#(0 0.4225352 0 0 0 0) - 1
#(0 0.4225352 0 0 0 0) - 1
#(0 0.29577464 0 0 0 0) - 1
#(0 0.4084507 0 0 0 0) - 1
#(0 0.18309858 0 0 0 0) - 1
#(0 0.30985916 0 0 0 0) - 1
#(0 0.29577464 0 0 0 0) - 1
#(0 0.22535211 0 0 0 0) - 1
#(0 0.33802816 0 0 0 0) - 1
#(0 0.2535211 0 0 0 0) - 1
#(0 0.12676056 0 0 0 0) - 1
#(0 0.16901408 0 0 0 0) - 1
#(0 0.18309858 0 0 0 0) - 1
#(0 0.14084508 0 0 0 0) - 1
#(0 0.2535211 0 0 0 0) - 1
#(0 0.2535211 0 0 0 0) - 1
#(0 0.22535211 0 0 0 0) - 1
#(0 0.2112676 0 0 0 0) - 1
#(0 0.28169015 0 0 0 0) - 1
#(0 0.1971831 0 0 0 0) - 1
#(0 0.1971831 0 0 0 0) - 1
#(0 0.32394367 0 0 0 0) - 1
#(0 0.30985916 0 0 0 0) - 1
#(0 0.30985916 0 0 0 0) - 1
#(0 0.32394367 0 0 0 0) - 1
#(0 0.53521127 0 0 0 0) - 1
#(0 0.52112675 0 0 0 0) - 1
#(0 0.5070422 0 0 0 0) - 1
#(0 0.3802817 0 0 0 0) - 1
#(0 0.1971831 0 0 0 0) - 1
#(0 0.2112676 0 0 0 0) - 1
#(0 0.32394367 0 0 0 0) - 1
#(0 0.53521127 0 0 0 0) - 1
#(0 0.5492958 0 0 0 0) - 1
#(0 0.112676054 0 0 0 0) - 1
#(0 0.28169015 0 0 0 0) - 1
#(0 0.112676054 0 0 0 0) - 1
#(0 0.4084507 0 0 0 0) - 1
#(0 0.4225352 0 0 0 0) - 1
#(0 0.45070422 0 0 0 0) - 1
#(0 0.35211268 0 0 0 0) - 1
#(0 0.49295774 0 0 0 0) - 1
#(0 0.26760563 0 0 0 0) - 1
#(0 0.09859155 0 0 0 0) - 1
#(0 0.12676056 0 0 0 0) - 1
#(0 0.5492958 0 0 0 0) - 1
#(0 0.23943663 0 0 0 0) - 1
#(0 0.14084508 0 0 0 0) - 1
#(0 0.15492958 0 0 0 0) - 1
#(0 0.07042254 0 0 0 0) - 1
#(0 0.4084507 0 0 0 0) - 1
#(0 0.49295774 0 0 0 0) - 1
#(0 0.1971831 0 0 0 0) - 1
#(0 0.26760563 0 0 0 0) - 1
#(0 0.014084507 0 0 0 0) - 1
#(0 0.014084507 0 0 0 0) - 1
#(0 0.014084507 0 0 0 0) - 1
#(0 0.014084507 0 0 0 0) - 1
#(0 0.014084507 0 0 0 0) - 1
#(0 0.014084507 0 0 0 0) - 1
#(0 0.014084507 0 0 0 0) - 1
#(0 0.014084507 0 0 0 0) - 1
#(0 0.014084507 0 0 0 0) - 1
#(0 0.112676054 0 0 0 0) - 1
#(0 0.014084507 0 0 0 0) - 1
#(0 0.112676054 0 0 0 0) - 1
#(0 0.112676054 0 0 0 0) - 1
#(0 0.014084507 0 0 0 0) - 1
#(0 0.014084507 0 0 0 0) - 1
#(0 0.014084507 0 0 0 0) - 1
#(0 0.014084507 0 0 0 0) - 1
#(0 0.014084507 0 0 0 0) - 1
#(0 0.014084507 0 0 0 0) - 1
#(0 0.014084507 0 0 0 0) - 1
#(0 0.014084507 0 0 0 0) - 1
#(0 0.014084507 0 0 0 0) - 1
#(0 0.014084507 0 0 0 0) - 1
#(0 0.014084507 0 0 0 0) - 1
#(0 0.014084507 0 0 0 0) - 1
#(0 0.014084507 0 0 0 0) - 1
#(0 0.014084507 0 0 0 0) - 1
#(0 0.014084507 0 0 0 0) - 1
#(0 0 0 0 0 0) - 0
#(0 0 0 0 0 0) - 0
#(0 0.014084507 0 0 0 0) - 1
#(0 0.028169014 0 0 0 0) - 1
#(0 0.014084507 0 0 0 0) - 1
#(0 0 0 0 0 0) - 0
#(0 0.014084507 0 0 0 0) - 1
#(0 0.056338027 0 0 0 0) - 1
#(0 0.12676056 0 0 0 0) - 1
#(0 0.014084507 0 0 0 0) - 1
#(0 0.04225352 0 0 0 0) - 1
#(0 0.028169014 0 0 0 0) - 1
#(0 0.04225352 0 0 0 0) - 1
#(0 0.014084507 0 0 0 0) - 1
#(0 0 0 0 0 0) - 0
#(0 0.08450704 0 0 0 0) - 1
#(0 0 0 0 0 0) - 0
#(0 0 0 0 0 0) - 0
#(0 0 0 0 0 0) - 0
#(0 0 0 0 0 0) - 0
#(0 0 0 0 0 0) - 0
#(0 0 0 0 0 0) - 0
#(0 0.07042254 0 0 0 0) - 1
#(0 0 0 0 0 0) - 0
#(0 0.08450704 0 0 0 0) - 1
#(0 0 0 0 0 0) - 0
#(0 0 0 0 0 0) - 0
#(0 0 0 0 0 0) - 0
#(0 0 0 0 0 0) - 0
#(0 0.08450704 0 0 0 0) - 1
#(0 0.08450704 0 0 0 0) - 1
#(0 0.112676054 0 0 0 0) - 1
#(0 0.07042254 0 0 0 0) - 1
#(0 0.07042254 0 0 0 0) - 1
#(0 0.07042254 0 0 0 0) - 1
#(0 0.07042254 0 0 0 0) - 1
#(0 0.07042254 0 0 0 0) - 1
#(0 0.07042254 0 0 0 0) - 1
#(0 0.014084507 0 0 0 0) - 1
#(0 0.014084507 0 0 0 0) - 1
#(0 0.014084507 0 0 0 0) - 1
#(0 0.04225352 0 0 0 0) - 1
#(0 0 0 0 0 0) - 0
#(0 0 0 0 0 0) - 0
#(0 0 0 0 0 0) - 0
#(0 0 0 0 0 0) - 0
#(0 0 0 0 0 0) - 0
#(0 0 0 0 0 0) - 0
#(0 0 0 0 0 0) - 0
#(0 0 0 0 0 0) - 0
#(0 0 0 0 0 0) - 0
#(0 0 0 0 0 0) - 0
#(0 0 0 0 0 0) - 0
#(0 0.028169014 0 0 0 0) - 1
#(0 0.07042254 0 0 0 0) - 1
#(0 0.04225352 0 0 0 0) - 1
#(0 0.07042254 0 0 0 0) - 1
#(0 0.056338027 0 0 0 0) - 1
#(0 0.07042254 0 0 0 0) - 1
#(0 0.07042254 0 0 0 0) - 1
#(0 0.014084507 0 0 0 0) - 1
#(0 0.014084507 0 0 0 0) - 1
#(0 0.04225352 0 0 0 0) - 1
#(0 0.07042254 0 0 0 0) - 1
#(0 0.07042254 0 0 0 0) - 1
#(0 0.07042254 0 0 0 0) - 1
#(0 0.07042254 0 0 0 0) - 1
#(0 0.014084507 0 0 0 0) - 1
#(0 0.07042254 0 0 0 0) - 1
#(0 0.07042254 0 0 0 0) - 1
#(0 0.014084507 0 0 0 0) - 1
#(0 0 0 0 0 0) - 0
#(0 0 0 0 0 0) - 0
#(0 0 0 0 0 0) - 0
#(0 0.07042254 0 0 0 0) - 1
#(0 0.07042254 0 0 0 0) - 1
#(0 0.07042254 0 0 0 0) - 1
#(0 0.07042254 0 0 0 0) - 1
#(0 0.014084507 0 0 0 0) - 1
#(0 0 0 0 0 0) - 0
#(0 0 0 0 0 0) - 0
#(0 0 0 0 0 0) - 0
#(0 0 0 0 0 0) - 0
#(0 0 0 0 0 0) - 0
#(0 0 0 0 0 0) - 0
#(0 0 0 0 0 0) - 0
#(0 0 0 0 0 0) - 0
#(0 0 0 0 0 0) - 0
#(0 0 0 0 0 0) - 0
#(0 0 0 0 0 0) - 0
#(0 0 0 0 0 0) - 0
#(0 0 0 0 0 0) - 0
#(0 0 0 0 0 0) - 0
#(0 0 0 0 0 0) - 0
#(0 0 0 0 0 0) - 0
#(0 0 0 0 0 0) - 0
#(0 0 0 0 0 0) - 0
#(0 0 0 0 0 0) - 0

Grupo 2
#(0 0 0 0 0 0) - 0
#(0 0 0 0 0 0) - 0
#(0 0 0 0 0 0) - 0
#(0 0 0 0 0 0) - 0
#(0 0 0 0 0 0) - 0
#(0 0 0 0 0 0) - 0
#(0 0 0 0 0 0) - 0
#(0 0 0 0 0 0) - 0
#(0 0 0.030303031 0 0 0) - 2
#(0 0 0 0 0 0) - 0
#(0 0 0 0 0 0) - 0
#(0 0 0 0 0 0) - 0
#(0 0 0 0 0 0) - 0
#(0 0 0 0 0 0) - 0
#(0 0 0 0 0 0) - 0
#(0 0 0 0 0 0) - 0
#(0 0 0 0 0 0) - 0
#(0 0 0 0 0 0) - 0
#(0 0 0 0 0 0) - 0
#(0 0 0 0 0 0) - 0
#(0 0 0 0 0 0) - 0
#(0 0 0 0 0 0) - 0
#(0 0 0 0 0 0) - 0
#(0 0 0 0 0 0) - 0
#(0 0 0 0 0 0) - 0
#(0 0 0 0 0 0) - 0
#(0 0 0 0 0 0) - 0
#(0 0 0 0 0 0) - 0
#(0 0 0 0 0 0) - 0
#(0 0 0 0 0 0) - 0
#(0 0 0 0 0 0) - 0
#(0 0 0 0 0 0) - 0
#(0 0 0 0 0 0) - 0
#(0 0 0 0 0 0) - 0
#(0 0 0 0 0 0) - 0
#(0 0 0 0 0 0) - 0
#(0 0 0.030303031 0 0 0) - 2
#(0 0 0.060606062 0 0 0) - 2
#(0 0 0 0 0 0) - 0
#(0 0 0 0 0 0) - 0
#(0 0 0 0 0 0) - 0
#(0 0 0 0 0 0) - 0
#(0 0 0 0 0 0) - 0
#(0 0 0 0 0 0) - 0
#(0 0 0 0 0 0) - 0
#(0 0 0 0 0 0) - 0
#(0 0 0 0 0 0) - 0
#(0 0 0 0 0 0) - 0
#(0 0 0 0 0 0) - 0
#(0 0 0 0 0 0) - 0
#(0 0 0 0 0 0) - 0
#(0 0 0 0 0 0) - 0
#(0 0 0 0 0 0) - 0
#(0 0 0.54545456 0 0 0) - 2
#(0 0 0.45454547 0 0 0) - 2
#(0 0 0.6060606 0 0 0) - 2
#(0 0 0.5151515 0 0 0) - 2
#(0 0 0.3939394 0 0 0) - 2
#(0 0 0.57575756 0 0 0) - 2
#(0 0 0.5151515 0 0 0) - 2
#(0 0 0.3939394 0 0 0) - 2
#(0 0 0.57575756 0 0 0) - 2
#(0 0 0.27272728 0 0 0) - 2
#(0 0 0.5151515 0 0 0) - 2
#(0 0 0.45454547 0 0 0) - 2
#(0 0 0.45454547 0 0 0) - 2
#(0 0 0.45454547 0 0 0) - 2
#(0 0 0.6060606 0 0 0) - 2
#(0 0 0.3030303 0 0 0) - 2
#(0 0 0.42424244 0 0 0) - 2
#(0 0 0.45454547 0 0 0) - 2
#(0 0 0.3030303 0 0 0) - 2
#(0 0 0 0 0 0) - 0
#(0 0 0 0 0 0) - 0
#(0 0 0 0 0 0) - 0
#(0 0 0.33333334 0 0 0) - 2
#(0 0 0.24242425 0 0 0) - 2
#(0 0 0.24242425 0 0 0) - 2
#(0 0 0.18181819 0 0 0) - 2
#(0 0 0.24242425 0 0 0) - 2
#(0 0 0.33333334 0 0 0) - 2
#(0 0 0.6060606 0 0 0) - 2
#(0 0 0.5151515 0 0 0) - 2
#(0 0 0.42424244 0 0 0) - 2
#(0 0 0.6060606 0 0 0) - 2
#(0 0 0.4848485 0 0 0) - 2
#(0 0 0.5151515 0 0 0) - 2
#(0 0 0.45454547 0 0 0) - 2
#(0 0 0.4848485 0 0 0) - 2
#(0 0 0.18181819 0 0 0) - 2
#(0 0 0.36363637 0 0 0) - 2
#(0 0 0.21212122 0 0 0) - 2
#(0 0 0 0 0 0) - 0
#(0 0 0 0 0 0) - 0
#(0 0 0 0 0 0) - 0
#(0 0 0 0 0 0) - 0
#(0 0 0 0 0 0) - 0
#(0 0 0 0 0 0) - 0
#(0 0 0 0 0 0) - 0
#(0 0 0 0 0 0) - 0
#(0 0 0 0 0 0) - 0
#(0 0 0.030303031 0 0 0) - 2
#(0 0 0.030303031 0 0 0) - 2
#(0 0 0 0 0 0) - 0
#(0 0 0 0 0 0) - 0
#(0 0 0 0 0 0) - 0
#(0 0 0 0 0 0) - 0
#(0 0 0 0 0 0) - 0
#(0 0 0 0 0 0) - 0
#(0 0 0 0 0 0) - 0
#(0 0 0 0 0 0) - 0
#(0 0 0 0 0 0) - 0
#(0 0 0 0 0 0) - 0
#(0 0 0 0 0 0) - 0
#(0 0 0 0 0 0) - 0
#(0 0 0 0 0 0) - 0
#(0 0 0 0 0 0) - 0
#(0 0 0 0 0 0) - 0
#(0 0 0 0 0 0) - 0
#(0 0 0 0 0 0) - 0
#(0 0 0.21212122 0 0 0) - 2
#(0 0 0.21212122 0 0 0) - 2
#(0 0 0.21212122 0 0 0) - 2
#(0 0 0.21212122 0 0 0) - 2
#(0 0 0.21212122 0 0 0) - 2
#(0 0 0.060606062 0 0 0) - 2
#(0 0 0.18181819 0 0 0) - 2
#(0 0 0.21212122 0 0 0) - 2
#(0 0 0.18181819 0 0 0) - 2
#(0 0 0.21212122 0 0 0) - 2
#(0 0 0.21212122 0 0 0) - 2
#(0 0 0.09090909 0 0 0) - 2
#(0 0 0.030303031 0 0 0) - 2
#(0 0 0.030303031 0 0 0) - 2
#(0 0 0.030303031 0 0 0) - 2
#(0 0 0 0 0 0) - 0
#(0 0 0 0 0 0) - 0
#(0 0 0.030303031 0 0 0) - 2
#(0 0 0 0 0 0) - 0
#(0 0 0 0 0 0) - 0
#(0 0 0 0 0 0) - 0
#(0 0 0.030303031 0 0 0) - 2
#(0 0 0.030303031 0 0 0) - 2
#(0 0 0.21212122 0 0 0) - 2
#(0 0 0.21212122 0 0 0) - 2
#(0 0 0.060606062 0 0 0) - 2
#(0 0 0.18181819 0 0 0) - 2
#(0 0 0.09090909 0 0 0) - 2
#(0 0 0.18181819 0 0 0) - 2
#(0 0 0.21212122 0 0 0) - 2
#(0 0 0.21212122 0 0 0) - 2
#(0 0 0.21212122 0 0 0) - 2
#(0 0 0.121212125 0 0 0) - 2
#(0 0 0.121212125 0 0 0) - 2
#(0 0 0.121212125 0 0 0) - 2
#(0 0 0.121212125 0 0 0) - 2
#(0 0 0.060606062 0 0 0) - 2
#(0 0 0.121212125 0 0 0) - 2
#(0 0 0.121212125 0 0 0) - 2
#(0 0 0.121212125 0 0 0) - 2
#(0 0 0.121212125 0 0 0) - 2
#(0 0 0.121212125 0 0 0) - 2
#(0 0 0.121212125 0 0 0) - 2
#(0 0 0.121212125 0 0 0) - 2
#(0 0 0.121212125 0 0 0) - 2
#(0 0 0.121212125 0 0 0) - 2
#(0 0 0.121212125 0 0 0) - 2
#(0 0 0.121212125 0 0 0) - 2
#(0 0 0.121212125 0 0 0) - 2
#(0 0 0.121212125 0 0 0) - 2
#(0 0 0.121212125 0 0 0) - 2
#(0 0 0.121212125 0 0 0) - 2
#(0 0 0.060606062 0 0 0) - 2
#(0 0 0 0 0 0) - 0
#(0 0 0 0 0 0) - 0
#(0 0 0 0 0 0) - 0
#(0 0 0 0 0 0) - 0
#(0 0 0 0 0 0) - 0
#(0 0 0 0 0 0) - 0
#(0 0 0 0 0 0) - 0
#(0 0 0 0 0 0) - 0
#(0 0 0 0 0 0) - 0
#(0 0 0 0 0 0) - 0
#(0 0 0 0 0 0) - 0
#(0 0 0 0 0 0) - 0
#(0 0 0 0 0 0) - 0
#(0 0 0 0 0 0) - 0
#(0 0 0 0 0 0) - 0
#(0 0 0 0 0 0) - 0
#(0 0 0 0 0 0) - 0
#(0 0 0 0 0 0) - 0
#(0 0 0 0 0 0) - 0
#(0 0 0.030303031 0 0 0) - 2
#(0 0 0 0 0 0) - 0
#(0 0 0 0 0 0) - 0
#(0 0 0 0 0 0) - 0
#(0 0 0 0 0 0) - 0
#(0 0 0 0 0 0) - 0
#(0 0 0 0 0 0) - 0
#(0 0 0 0 0 0) - 0
#(0 0 0 0 0 0) - 0
#(0 0 0 0 0 0) - 0
#(0 0 0.030303031 0 0 0) - 2
#(0 0 0.030303031 0 0 0) - 2
#(0 0 0 0 0 0) - 0
#(0 0 0 0 0 0) - 0
#(0 0 0 0 0 0) - 0
#(0 0 0 0 0 0) - 0
#(0 0 0 0 0 0) - 0
