
Grupo 0
#(0.1388889 0 0 0 0 0) - 0
#(0 0 0 0 0 0) - 0
#(0.027777778 0 0 0 0 0) - 0
#(0 0 0 0 0 0) - 0
#(0.027777778 0 0 0 0 0) - 0
#(0 0 0 0 0 0) - 0
#(0.1388889 0 0 0 0 0) - 0
#(0.1388889 0 0 0 0 0) - 0
#(0.027777778 0 0 0 0 0) - 0
#(0 0 0 0 0 0) - 0
#(0 0 0 0 0 0) - 0
#(0 0 0 0 0 0) - 0
#(0 0 0 0 0 0) - 0
#(0 0 0 0 0 0) - 0
#(0 0 0 0 0 0) - 0
#(0 0 0 0 0 0) - 0
#(0 0 0 0 0 0) - 0
#(0.3888889 0 0 0 0 0) - 0
#(0.5 0 0 0 0 0) - 0
#(0.3888889 0 0 0 0 0) - 0
#(0.5 0 0 0 0 0) - 0
#(0.31944445 0 0 0 0 0) - 0
#(0.22222222 0 0 0 0 0) - 0
#(0.33333334 0 0 0 0 0) - 0
#(0.22222222 0 0 0 0 0) - 0
#(0.30555555 0 0 0 0 0) - 0
#(0.3888889 0 0 0 0 0) - 0
#(0.5 0 0 0 0 0) - 0
#(0.3888889 0 0 0 0 0) - 0
#(0.25 0 0 0 0 0) - 0
#(0.4027778 0 0 0 0 0) - 0
#(0.25 0 0 0 0 0) - 0
#(0.5138889 0 0 0 0 0) - 0
#(0.43055555 0 0 0 0 0) - 0
#(0.22222222 0 0 0 0 0) - 0
#(0.19444445 0 0 0 0 0) - 0
#(0.18055555 0 0 0 0 0) - 0
#(0.16666667 0 0 0 0 0) - 0
#(0.16666667 0 0 0 0 0) - 0
#(0.15277778 0 0 0 0 0) - 0
#(0.16666667 0 0 0 0 0) - 0
#(0.15277778 0 0 0 0 0) - 0
#(0.15277778 0 0 0 0 0) - 0
#(0.16666667 0 0 0 0 0) - 0
#(0.15277778 0 0 0 0 0) - 0
#(0.18055555 0 0 0 0 0) - 0
#(0.16666667 0 0 0 0 0) - 0
#(0.16666667 0 0 0 0 0) - 0
#(0.15277778 0 0 0 0 0) - 0
#(0.16666667 0 0 0 0 0) - 0
#(0.1388889 0 0 0 0 0) - 0
#(0.1388889 0 0 0 0 0) - 0
#(0 0 0 0 0 0) - 0
#(0.041666668 0 0 0 0 0) - 0
#(0 0 0 0 0 0) - 0
#(0 0 0 0 0 0) - 0
#(0 0 0 0 0 0) - 0
#(0 0 0 0 0 0) - 0
#(0.31944445 0 0 0 0 0) - 0
#(0.31944445 0 0 0 0 0) - 0
#(0.2361111 0 0 0 0 0) - 0
#(0.2638889 0 0 0 0 0) - 0
#(0.31944445 0 0 0 0 0) - 0
#(0.31944445 0 0 0 0 0) - 0
#(0.22222222 0 0 0 0 0) - 0
#(0.30555555 0 0 0 0 0) - 0
#(0.2638889 0 0 0 0 0) - 0
#(0.29166666 0 0 0 0 0) - 0
#(0.31944445 0 0 0 0 0) - 0
#(0.31944445 0 0 0 0 0) - 0
#(0.30555555 0 0 0 0 0) - 0
#(0.30555555 0 0 0 0 0) - 0
#(0.31944445 0 0 0 0 0) - 0
#(0.30555555 0 0 0 0 0) - 0
#(0.30555555 0 0 0 0 0) - 0
#(0.25 0 0 0 0 0) - 0
#(0.19444445 0 0 0 0 0) - 0
#(0.31944445 0 0 0 0 0) - 0
#(0.2777778 0 0 0 0 0) - 0
#(0.2361111 0 0 0 0 0) - 0
#(0.2638889 0 0 0 0 0) - 0
#(0.31944445 0 0 0 0 0) - 0
#(0.2777778 0 0 0 0 0) - 0
#(0.2361111 0 0 0 0 0) - 0
#(0.29166666 0 0 0 0 0) - 0
#(0.25 0 0 0 0 0) - 0
#(0 0 0 0 0 0) - 0
#(0.013888889 0 0 0 0 0) - 0
#(0 0 0 0 0 0) - 0
#(0 0 0 0 0 0) - 0
#(0.11111111 0 0 0 0 0) - 0
#(0.11111111 0 0 0 0 0) - 0
#(0 0 0 0 0 0) - 0
#(0 0 0 0 0 0) - 0
#(0.027777778 0 0 0 0 0) - 0
#(0 0 0 0 0 0) - 0
#(0 0 0 0 0 0) - 0
#(0 0 0 0 0 0) - 0
#(0 0 0 0 0 0) - 0
#(0.1388889 0 0 0 0 0) - 0
#(0 0 0 0 0 0) - 0
#(0.11111111 0 0 0 0 0) - 0
#(0.013888889 0 0 0 0 0) - 0
#(0 0 0 0 0 0) - 0
#(0.013888889 0 0 0 0 0) - 0
#(0 0 0 0 0 0) - 0
#(0.027777778 0 0 0 0 0) - 0
#(0.15277778 0 0 0 0 0) - 0
#(0.027777778 0 0 0 0 0) - 0
#(0.013888889 0 0 0 0 0) - 0
#(0 0 0 0 0 0) - 0
#(0.013888889 0 0 0 0 0) - 0
#(0.013888889 0 0 0 0 0) - 0
#(0.041666668 0 0 0 0 0) - 0
#(0.013888889 0 0 0 0 0) - 0
#(0 0 0 0 0 0) - 0
#(0.013888889 0 0 0 0 0) - 0
#(0.027777778 0 0 0 0 0) - 0
#(0.15277778 0 0 0 0 0) - 0
#(0.027777778 0 0 0 0 0) - 0
#(0.013888889 0 0 0 0 0) - 0
#(0 0 0 0 0 0) - 0
#(0.041666668 0 0 0 0 0) - 0
#(0 0 0 0 0 0) - 0
#(0.041666668 0 0 0 0 0) - 0
#(0.013888889 0 0 0 0 0) - 0
#(0.013888889 0 0 0 0 0) - 0
#(0 0 0 0 0 0) - 0
#(0 0 0 0 0 0) - 0
#(0 0 0 0 0 0) - 0
#(0 0 0 0 0 0) - 0
#(0.013888889 0 0 0 0 0) - 0
#(0 0 0 0 0 0) - 0
#(0 0 0 0 0 0) - 0
#(0 0 0 0 0 0) - 0
#(0 0 0 0 0 0) - 0
#(0 0 0 0 0 0) - 0
#(0 0 0 0 0 0) - 0
#(0 0 0 0 0 0) - 0
#(0 0 0 0 0 0) - 0
#(0 0 0 0 0 0) - 0
#(0 0 0 0 0 0) - 0
#(0 0 0 0 0 0) - 0
#(0 0 0 0 0 0) - 0
#(0 0 0 0 0 0) - 0
#(0 0 0 0 0 0) - 0
#(0.013888889 0 0 0 0 0) - 0
#(0 0 0 0 0 0) - 0
#(0 0 0 0 0 0) - 0
#(0.013888889 0 0 0 0 0) - 0
#(0 0 0 0 0 0) - 0
#(0.013888889 0 0 0 0 0) - 0
#(0 0 0 0 0 0) - 0
#(0 0 0 0 0 0) - 0
#(0 0 0 0 0 0) - 0
#(0.013888889 0 0 0 0 0) - 0
#(0 0 0 0 0 0) - 0
#(0.013888889 0 0 0 0 0) - 0
#(0.013888889 0 0 0 0 0) - 0
#(0.013888889 0 0 0 0 0) - 0
#(0.013888889 0 0 0 0 0) - 0
#(0.013888889 0 0 0 0 0) - 0
#(0.013888889 0 0 0 0 0) - 0
#(0 0 0 0 0 0) - 0
#(0.013888889 0 0 0 0 0) - 0
#(0.013888889 0 0 0 0 0) - 0
#(0.013888889 0 0 0 0 0) - 0
#(0.013888889 0 0 0 0 0) - 0
#(0 0 0 0 0 0) - 0
#(0 0 0 0 0 0) - 0
#(0 0 0 0 0 0) - 0
#(0.013888889 0 0 0 0 0) - 0
#(0.013888889 0 0 0 0 0) - 0
#(0.013888889 0 0 0 0 0) - 0
#(0 0 0 0 0 0) - 0
#(0 0 0 0 0 0) - 0
#(0 0 0 0 0 0) - 0
#(0 0 0 0 0 0) - 0
#(0.013888889 0 0 0 0 0) - 0
#(0 0 0 0 0 0) - 0
#(0 0 0 0 0 0) - 0
#(0 0 0 0 0 0) - 0
#(0 0 0 0 0 0) - 0
#(0 0 0 0 0 0) - 0
#(0 0 0 0 0 0) - 0
#(0 0 0 0 0 0) - 0
#(0 0 0 0 0 0) - 0
#(0 0 0 0 0 0) - 0
#(0 0 0 0 0 0) - 0
#(0 0 0 0 0 0) - 0
#(0 0 0 0 0 0) - 0
#(0.013888889 0 0 0 0 0) - 0
#(0.4861111 0 0 0 0 0) - 0
#(0.29166666 0 0 0 0 0) - 0
#(0.5416667 0 0 0 0 0) - 0
#(0.4861111 0 0 0 0 0) - 0
#(0.29166666 0 0 0 0 0) - 0
#(0.5416667 0 0 0 0 0) - 0
#(0.3888889 0 0 0 0 0) - 0
#(0.5138889 0 0 0 0 0) - 0
#(0.3888889 0 0 0 0 0) - 0
#(0.5138889 0 0 0 0 0) - 0
#(0.29166666 0 0 0 0 0) - 0
#(0.29166666 0 0 0 0 0) - 0
#(0.5416667 0 0 0 0 0) - 0
#(0.29166666 0 0 0 0 0) - 0
#(0.5555556 0 0 0 0 0) - 0
#(0.31944445 0 0 0 0 0) - 0
#(0.41666666 0 0 0 0 0) - 0
#(0.3888889 0 0 0 0 0) - 0
#(0.2361111 0 0 0 0 0) - 0
#(0.43055555 0 0 0 0 0) - 0
#(0.3611111 0 0 0 0 0) - 0
#(0.16666667 0 0 0 0 0) - 0
#(0.18055555 0 0 0 0 0) - 0
#(0.16666667 0 0 0 0 0) - 0
#(0.20833333 0 0 0 0 0) - 0
#(0.18055555 0 0 0 0 0) - 0
#(0.16666667 0 0 0 0 0) - 0
#(0.18055555 0 0 0 0 0) - 0
#(0.18055555 0 0 0 0 0) - 0
#(0.18055555 0 0 0 0 0) - 0
#(0.15277778 0 0 0 0 0) - 0
#(0.19444445 0 0 0 0 0) - 0
#(0.18055555 0 0 0 0 0) - 0
#(0.18055555 0 0 0 0 0) - 0
#(0.15277778 0 0 0 0 0) - 0
#(0.1388889 0 0 0 0 0) - 0
#(0.19444445 0 0 0 0 0) - 0
#(0.1388889 0 0 0 0 0) - 0
#(0.15277778 0 0 0 0 0) - 0
#(0.16666667 0 0 0 0 0) - 0
#(0.125 0 0 0 0 0) - 0
#(0.15277778 0 0 0 0 0) - 0
#(0.06944445 0 0 0 0 0) - 0
#(0.06944445 0 0 0 0 0) - 0
#(0.06944445 0 0 0 0 0) - 0
#(0.055555556 0 0 0 0 0) - 0
#(0.027777778 0 0 0 0 0) - 0
#(0.027777778 0 0 0 0 0) - 0
#(0.027777778 0 0 0 0 0) - 0
#(0.027777778 0 0 0 0 0) - 0
#(0.055555556 0 0 0 0 0) - 0
#(0.055555556 0 0 0 0 0) - 0
#(0.055555556 0 0 0 0 0) - 0
#(0.041666668 0 0 0 0 0) - 0
#(0.055555556 0 0 0 0 0) - 0
#(0.06944445 0 0 0 0 0) - 0
#(0.083333336 0 0 0 0 0) - 0
#(0.06944445 0 0 0 0 0) - 0
#(0.027777778 0 0 0 0 0) - 0
#(0.06944445 0 0 0 0 0) - 0
#(0.06944445 0 0 0 0 0) - 0
#(0.06944445 0 0 0 0 0) - 0
#(0.027777778 0 0 0 0 0) - 0
#(0 0 0 0 0 0) - 0
#(0.055555556 0 0 0 0 0) - 0
#(0.055555556 0 0 0 0 0) - 0
#(0.055555556 0 0 0 0 0) - 0
#(0.055555556 0 0 0 0 0) - 0
#(0.055555556 0 0 0 0 0) - 0
#(0.06944445 0 0 0 0 0) - 0
#(0.06944445 0 0 0 0 0) - 0
#(0.055555556 0 0 0 0 0) - 0
#(0.055555556 0 0 0 0 0) - 0
#(0.06944445 0 0 0 0 0) - 0
#(0.027777778 0 0 0 0 0) - 0
#(0.027777778 0 0 0 0 0) - 0
#(0.027777778 0 0 0 0 0) - 0
#(0.06944445 0 0 0 0 0) - 0
#(0.041666668 0 0 0 0 0) - 0
#(0.06944445 0 0 0 0 0) - 0
#(0.06944445 0 0 0 0 0) - 0
#(0.013888889 0 0 0 0 0) - 0
#(0.083333336 0 0 0 0 0) - 0
#(0.013888889 0 0 0 0 0) - 0
#(0.041666668 0 0 0 0 0) - 0
#(0.06944445 0 0 0 0 0) - 0
#(0.083333336 0 0 0 0 0) - 0
#(0.055555556 0 0 0 0 0) - 0
#(0.06944445 0 0 0 0 0) - 0

Grupo 1
#(0 0 0 0 0 0) - 0
#(0 0 0 0 0 0) - 0
#(0 0 0 0 0 0) - 0
#(0 0 0 0 0 0) - 0
#(0 0 0 0 0 0) - 0
#(0 0 0 0 0 0) - 0
#(0 0 0 0 0 0) - 0
#(0 0 0 0 0 0) - 0
#(0 0 0 0 0 0) - 0
#(0 0 0 0 0 0) - 0
#(0 0 0 0 0 0) - 0
#(0 0 0 0 0 0) - 0
#(0 0 0 0 0 0) - 0
#(0 0 0 0 0 0) - 0
#(0 0 0 0 0 0) - 0
#(0 0 0 0 0 0) - 0
#(0 0 0 0 0 0) - 0
#(0 0 0 0 0 0) - 0
#(0 0 0 0 0 0) - 0
#(0 0 0 0 0 0) - 0
#(0 0 0 0 0 0) - 0
#(0 0 0 0 0 0) - 0
#(0 0 0 0 0 0) - 0
#(0 0 0 0 0 0) - 0
#(0 0 0 0 0 0) - 0
#(0 0 0 0 0 0) - 0
#(0 0 0 0 0 0) - 0
#(0 0 0 0 0 0) - 0
#(0 0 0 0 0 0) - 0
#(0 0 0 0 0 0) - 0
#(0 0 0 0 0 0) - 0
#(0 0 0 0 0 0) - 0
#(0 0 0 0 0 0) - 0
#(0 0 0 0 0 0) - 0
#(0 0 0 0 0 0) - 0
#(0 0 0 0 0 0) - 0
#(0 0 0 0 0 0) - 0
#(0 0 0 0 0 0) - 0
#(0 0 0 0 0 0) - 0
#(0 0 0 0 0 0) - 0
#(0 0 0 0 0 0) - 0
#(0 0 0 0 0 0) - 0
#(0 0 0 0 0 0) - 0
#(0 0 0 0 0 0) - 0
#(0 0 0 0 0 0) - 0
#(0 0 0 0 0 0) - 0
#(0 0 0 0 0 0) - 0
#(0 0 0 0 0 0) - 0
#(0 0 0 0 0 0) - 0
#(0 0 0 0 0 0) - 0
#(0 0 0 0 0 0) - 0
#(0 0.34 0 0 0 0) - 1
#(0 0.3 0 0 0 0) - 1
#(0 0.22 0 0 0 0) - 1
#(0 0.22 0 0 0 0) - 1
#(0 0.34 0 0 0 0) - 1
#(0 0.32 0 0 0 0) - 1
#(0 0.22 0 0 0 0) - 1
#(0 0.22 0 0 0 0) - 1
#(0 0.22 0 0 0 0) - 1
#(0 0.22 0 0 0 0) - 1
#(0 0.34 0 0 0 0) - 1
#(0 0.34 0 0 0 0) - 1
#(0 0.22 0 0 0 0) - 1
#(0 0.34 0 0 0 0) - 1
#(0 0.34 0 0 0 0) - 1
#(0 0.14 0 0 0 0) - 1
#(0 0.22 0 0 0 0) - 1
#(0 0.12 0 0 0 0) - 1
#(0 0.22 0 0 0 0) - 1
#(0 0.12 0 0 0 0) - 1
#(0 0.06 0 0 0 0) - 1
#(0 0.34 0 0 0 0) - 1
#(0 0.34 0 0 0 0) - 1
#(0 0.22 0 0 0 0) - 1
#(0 0.34 0 0 0 0) - 1
#(0 0.34 0 0 0 0) - 1
#(0 0.28 0 0 0 0) - 1
#(0 0.48 0 0 0 0) - 1
#(0 0.24 0 0 0 0) - 1
#(0 0.4 0 0 0 0) - 1
#(0 0.38 0 0 0 0) - 1
#(0 0.28 0 0 0 0) - 1
#(0 0.42 0 0 0 0) - 1
#(0 0.34 0 0 0 0) - 1
#(0 0.18 0 0 0 0) - 1
#(0 0.22 0 0 0 0) - 1
#(0 0.24 0 0 0 0) - 1
#(0 0.18 0 0 0 0) - 1
#(0 0.32 0 0 0 0) - 1
#(0 0.34 0 0 0 0) - 1
#(0 0.3 0 0 0 0) - 1
#(0 0.28 0 0 0 0) - 1
#(0 0.36 0 0 0 0) - 1
#(0 0.26 0 0 0 0) - 1
#(0 0.26 0 0 0 0) - 1
#(0 0.42 0 0 0 0) - 1
#(0 0.38 0 0 0 0) - 1
#(0 0.38 0 0 0 0) - 1
#(0 0.4 0 0 0 0) - 1
#(0 0.66 0 0 0 0) - 1
#(0 0.66 0 0 0 0) - 1
#(0 0.66 0 0 0 0) - 1
#(0 0.46 0 0 0 0) - 1
#(0 0.26 0 0 0 0) - 1
#(0 0.28 0 0 0 0) - 1
#(0 0.4 0 0 0 0) - 1
#(0 0.62 0 0 0 0) - 1
#(0 0.68 0 0 0 0) - 1
#(0 0.16 0 0 0 0) - 1
#(0 0.32 0 0 0 0) - 1
#(0 0.14 0 0 0 0) - 1
#(0 0.52 0 0 0 0) - 1
#(0 0.5 0 0 0 0) - 1
#(0 0.54 0 0 0 0) - 1
#(0 0.44 0 0 0 0) - 1
#(0 0.58 0 0 0 0) - 1
#(0 0.38 0 0 0 0) - 1
#(0 0.12 0 0 0 0) - 1
#(0 0.16 0 0 0 0) - 1
#(0 0.68 0 0 0 0) - 1
#(0 0.32 0 0 0 0) - 1
#(0 0.2 0 0 0 0) - 1
#(0 0.18 0 0 0 0) - 1
#(0 0.08 0 0 0 0) - 1
#(0 0.46 0 0 0 0) - 1
#(0 0.58 0 0 0 0) - 1
#(0 0.22 0 0 0 0) - 1
#(0 0.28 0 0 0 0) - 1
#(0 0.02 0 0 0 0) - 1
#(0 0.02 0 0 0 0) - 1
#(0 0.02 0 0 0 0) - 1
#(0 0.02 0 0 0 0) - 1
#(0 0.02 0 0 0 0) - 1
#(0 0.02 0 0 0 0) - 1
#(0 0.02 0 0 0 0) - 1
#(0 0.02 0 0 0 0) - 1
#(0 0.02 0 0 0 0) - 1
#(0 0.14 0 0 0 0) - 1
#(0 0.02 0 0 0 0) - 1
#(0 0.14 0 0 0 0) - 1
#(0 0.14 0 0 0 0) - 1
#(0 0.02 0 0 0 0) - 1
#(0 0.02 0 0 0 0) - 1
#(0 0.02 0 0 0 0) - 1
#(0 0.02 0 0 0 0) - 1
#(0 0.02 0 0 0 0) - 1
#(0 0.02 0 0 0 0) - 1
#(0 0.02 0 0 0 0) - 1
#(0 0.02 0 0 0 0) - 1
#(0 0.02 0 0 0 0) - 1
#(0 0.02 0 0 0 0) - 1
#(0 0.02 0 0 0 0) - 1
#(0 0.02 0 0 0 0) - 1
#(0 0.02 0 0 0 0) - 1
#(0 0.02 0 0 0 0) - 1
#(0 0.02 0 0 0 0) - 1
#(0 0 0 0 0 0) - 0
#(0 0 0 0 0 0) - 0
#(0 0.02 0 0 0 0) - 1
#(0 0.04 0 0 0 0) - 1
#(0 0 0 0 0 0) - 0
#(0 0 0 0 0 0) - 0
#(0 0 0 0 0 0) - 0
#(0 0.04 0 0 0 0) - 1
#(0 0.14 0 0 0 0) - 1
#(0 0 0 0 0 0) - 0
#(0 0.04 0 0 0 0) - 1
#(0 0.04 0 0 0 0) - 1
#(0 0.04 0 0 0 0) - 1
#(0 0.02 0 0 0 0) - 1
#(0 0 0 0 0 0) - 0
#(0 0.12 0 0 0 0) - 1
#(0 0 0 0 0 0) - 0
#(0 0 0 0 0 0) - 0
#(0 0 0 0 0 0) - 0
#(0 0 0 0 0 0) - 0
#(0 0 0 0 0 0) - 0
#(0 0 0 0 0 0) - 0
#(0 0.08 0 0 0 0) - 1
#(0 0 0 0 0 0) - 0
#(0 0.1 0 0 0 0) - 1
#(0 0 0 0 0 0) - 0
#(0 0 0 0 0 0) - 0
#(0 0 0 0 0 0) - 0
#(0 0 0 0 0 0) - 0
#(0 0.1 0 0 0 0) - 1
#(0 0.1 0 0 0 0) - 1
#(0 0.12 0 0 0 0) - 1
#(0 0.06 0 0 0 0) - 1
#(0 0.06 0 0 0 0) - 1
#(0 0.06 0 0 0 0) - 1
#(0 0.06 0 0 0 0) - 1
#(0 0.06 0 0 0 0) - 1
#(0 0.06 0 0 0 0) - 1
#(0 0.02 0 0 0 0) - 1
#(0 0.02 0 0 0 0) - 1
#(0 0.02 0 0 0 0) - 1
#(0 0.06 0 0 0 0) - 1
#(0 0 0 0 0 0) - 0
#(0 0 0 0 0 0) - 0
#(0 0 0 0 0 0) - 0
#(0 0 0 0 0 0) - 0
#(0 0 0 0 0 0) - 0
#(0 0 0 0 0 0) - 0
#(0 0 0 0 0 0) - 0
#(0 0 0 0 0 0) - 0
#(0 0 0 0 0 0) - 0
#(0 0 0 0 0 0) - 0
#(0 0 0 0 0 0) - 0
#(0 0.04 0 0 0 0) - 1
#(0 0.06 0 0 0 0) - 1
#(0 0.06 0 0 0 0) - 1
#(0 0.06 0 0 0 0) - 1
#(0 0.04 0 0 0 0) - 1
#(0 0.06 0 0 0 0) - 1
#(0 0.06 0 0 0 0) - 1
#(0 0.02 0 0 0 0) - 1
#(0 0.02 0 0 0 0) - 1
#(0 0.06 0 0 0 0) - 1
#(0 0.06 0 0 0 0) - 1
#(0 0.06 0 0 0 0) - 1
#(0 0.06 0 0 0 0) - 1
#(0 0.06 0 0 0 0) - 1
#(0 0.02 0 0 0 0) - 1
#(0 0.06 0 0 0 0) - 1
#(0 0.06 0 0 0 0) - 1
#(0 0.02 0 0 0 0) - 1
#(0 0 0 0 0 0) - 0
#(0 0 0 0 0 0) - 0
#(0 0 0 0 0 0) - 0
#(0 0.06 0 0 0 0) - 1
#(0 0.06 0 0 0 0) - 1
#(0 0.06 0 0 0 0) - 1
#(0 0.06 0 0 0 0) - 1
#(0 0.02 0 0 0 0) - 1
#(0 0 0 0 0 0) - 0
#(0 0 0 0 0 0) - 0
#(0 0 0 0 0 0) - 0
#(0 0 0 0 0 0) - 0
#(0 0 0 0 0 0) - 0
#(0 0 0 0 0 0) - 0
#(0 0 0 0 0 0) - 0
#(0 0 0 0 0 0) - 0
#(0 0 0 0 0 0) - 0
#(0 0 0 0 0 0) - 0
#(0 0 0 0 0 0) - 0
#(0 0 0 0 0 0) - 0
#(0 0 0 0 0 0) - 0
#(0 0 0 0 0 0) - 0
#(0 0 0 0 0 0) - 0
#(0 0 0 0 0 0) - 0
#(0 0 0 0 0 0) - 0
#(0 0 0 0 0 0) - 0
#(0 0 0 0 0 0) - 0

Grupo 2
#(0 0 0 0 0 0) - 0
#(0 0 0 0 0 0) - 0
#(0 0 0 0 0 0) - 0
#(0 0 0 0 0 0) - 0
#(0 0 0 0 0 0) - 0
#(0 0 0 0 0 0) - 0
#(0 0 0 0 0 0) - 0
#(0 0 0 0 0 0) - 0
#(0 0 0 0 0 0) - 0
#(0 0 0 0 0 0) - 0
#(0 0 0 0 0 0) - 0
#(0 0 0 0 0 0) - 0
#(0 0 0 0 0 0) - 0
#(0 0 0 0 0 0) - 0
#(0 0 0 0 0 0) - 0
#(0 0 0 0 0 0) - 0
#(0 0 0 0 0 0) - 0
#(0 0 0 0 0 0) - 0
#(0 0 0 0 0 0) - 0
#(0 0 0 0 0 0) - 0
#(0 0 0 0 0 0) - 0
#(0 0 0 0 0 0) - 0
#(0 0 0 0 0 0) - 0
#(0 0 0 0 0 0) - 0
#(0 0 0 0 0 0) - 0
#(0 0 0 0 0 0) - 0
#(0 0 0 0 0 0) - 0
#(0 0 0 0 0 0) - 0
#(0 0 0 0 0 0) - 0
#(0 0 0 0 0 0) - 0
#(0 0 0 0 0 0) - 0
#(0 0 0 0 0 0) - 0
#(0 0 0 0 0 0) - 0
#(0 0 0 0 0 0) - 0
#(0 0 0 0 0 0) - 0
#(0 0 0 0 0 0) - 0
#(0 0 0.045454547 0 0 0) - 2
#(0 0 0.045454547 0 0 0) - 2
#(0 0 0 0 0 0) - 0
#(0 0 0 0 0 0) - 0
#(0 0 0 0 0 0) - 0
#(0 0 0 0 0 0) - 0
#(0 0 0 0 0 0) - 0
#(0 0 0 0 0 0) - 0
#(0 0 0 0 0 0) - 0
#(0 0 0 0 0 0) - 0
#(0 0 0 0 0 0) - 0
#(0 0 0 0 0 0) - 0
#(0 0 0 0 0 0) - 0
#(0 0 0 0 0 0) - 0
#(0 0 0 0 0 0) - 0
#(0 0 0 0 0 0) - 0
#(0 0 0 0 0 0) - 0
#(0 0 0.6818182 0 0 0) - 2
#(0 0 0.59090906 0 0 0) - 2
#(0 0 0.72727275 0 0 0) - 2
#(0 0 0.6363636 0 0 0) - 2
#(0 0 0.54545456 0 0 0) - 2
#(0 0 0.6818182 0 0 0) - 2
#(0 0 0.6818182 0 0 0) - 2
#(0 0 0.5 0 0 0) - 2
#(0 0 0.6818182 0 0 0) - 2
#(0 0 0.36363637 0 0 0) - 2
#(0 0 0.59090906 0 0 0) - 2
#(0 0 0.5 0 0 0) - 2
#(0 0 0.5 0 0 0) - 2
#(0 0 0.5 0 0 0) - 2
#(0 0 0.72727275 0 0 0) - 2
#(0 0 0.36363637 0 0 0) - 2
#(0 0 0.54545456 0 0 0) - 2
#(0 0 0.54545456 0 0 0) - 2
#(0 0 0.4090909 0 0 0) - 2
#(0 0 0 0 0 0) - 0
#(0 0 0 0 0 0) - 0
#(0 0 0 0 0 0) - 0
#(0 0 0.4090909 0 0 0) - 2
#(0 0 0.3181818 0 0 0) - 2
#(0 0 0.3181818 0 0 0) - 2
#(0 0 0.27272728 0 0 0) - 2
#(0 0 0.36363637 0 0 0) - 2
#(0 0 0.45454547 0 0 0) - 2
#(0 0 0.72727275 0 0 0) - 2
#(0 0 0.6363636 0 0 0) - 2
#(0 0 0.54545456 0 0 0) - 2
#(0 0 0.72727275 0 0 0) - 2
#(0 0 0.59090906 0 0 0) - 2
#(0 0 0.6818182 0 0 0) - 2
#(0 0 0.54545456 0 0 0) - 2
#(0 0 0.59090906 0 0 0) - 2
#(0 0 0.22727273 0 0 0) - 2
#(0 0 0.5 0 0 0) - 2
#(0 0 0.27272728 0 0 0) - 2
#(0 0 0 0 0 0) - 0
#(0 0 0 0 0 0) - 0
#(0 0 0 0 0 0) - 0
#(0 0 0 0 0 0) - 0
#(0 0 0 0 0 0) - 0
#(0 0 0 0 0 0) - 0
#(0 0 0 0 0 0) - 0
#(0 0 0 0 0 0) - 0
#(0 0 0 0 0 0) - 0
#(0 0 0.045454547 0 0 0) - 2
#(0 0 0.045454547 0 0 0) - 2
#(0 0 0 0 0 0) - 0
#(0 0 0 0 0 0) - 0
#(0 0 0 0 0 0) - 0
#(0 0 0 0 0 0) - 0
#(0 0 0 0 0 0) - 0
#(0 0 0 0 0 0) - 0
#(0 0 0 0 0 0) - 0
#(0 0 0 0 0 0) - 0
#(0 0 0 0 0 0) - 0
#(0 0 0 0 0 0) - 0
#(0 0 0 0 0 0) - 0
#(0 0 0 0 0 0) - 0
#(0 0 0 0 0 0) - 0
#(0 0 0 0 0 0) - 0
#(0 0 0 0 0 0) - 0
#(0 0 0 0 0 0) - 0
#(0 0 0 0 0 0) - 0
#(0 0 0.045454547 0 0 0) - 2
#(0 0 0.045454547 0 0 0) - 2
#(0 0 0.045454547 0 0 0) - 2
#(0 0 0.045454547 0 0 0) - 2
#(0 0 0.045454547 0 0 0) - 2
#(0 0 0.045454547 0 0 0) - 2
#(0 0 0.045454547 0 0 0) - 2
#(0 0 0.045454547 0 0 0) - 2
#(0 0 0.045454547 0 0 0) - 2
#(0 0 0.045454547 0 0 0) - 2
#(0 0 0.045454547 0 0 0) - 2
#(0 0 0.045454547 0 0 0) - 2
#(0 0 0.045454547 0 0 0) - 2
#(0 0 0.045454547 0 0 0) - 2
#(0 0 0.045454547 0 0 0) - 2
#(0 0 0 0 0 0) - 0
#(0 0 0 0 0 0) - 0
#(0 0 0.045454547 0 0 0) - 2
#(0 0 0 0 0 0) - 0
#(0 0 0 0 0 0) - 0
#(0 0 0 0 0 0) - 0
#(0 0 0.045454547 0 0 0) - 2
#(0 0 0.045454547 0 0 0) - 2
#(0 0 0.045454547 0 0 0) - 2
#(0 0 0.045454547 0 0 0) - 2
#(0 0 0.045454547 0 0 0) - 2
#(0 0 0.045454547 0 0 0) - 2
#(0 0 0.045454547 0 0 0) - 2
#(0 0 0.045454547 0 0 0) - 2
#(0 0 0.045454547 0 0 0) - 2
#(0 0 0.045454547 0 0 0) - 2
#(0 0 0.045454547 0 0 0) - 2
#(0 0 0.18181819 0 0 0) - 2
#(0 0 0.18181819 0 0 0) - 2
#(0 0 0.18181819 0 0 0) - 2
#(0 0 0.18181819 0 0 0) - 2
#(0 0 0.09090909 0 0 0) - 2
#(0 0 0.18181819 0 0 0) - 2
#(0 0 0.18181819 0 0 0) - 2
#(0 0 0.18181819 0 0 0) - 2
#(0 0 0.18181819 0 0 0) - 2
#(0 0 0.18181819 0 0 0) - 2
#(0 0 0.18181819 0 0 0) - 2
#(0 0 0.18181819 0 0 0) - 2
#(0 0 0.18181819 0 0 0) - 2
#(0 0 0.18181819 0 0 0) - 2
#(0 0 0.18181819 0 0 0) - 2
#(0 0 0.18181819 0 0 0) - 2
#(0 0 0.18181819 0 0 0) - 2
#(0 0 0.18181819 0 0 0) - 2
#(0 0 0.18181819 0 0 0) - 2
#(0 0 0.18181819 0 0 0) - 2
#(0 0 0.09090909 0 0 0) - 2
#(0 0 0 0 0 0) - 0
#(0 0 0 0 0 0) - 0
#(0 0 0 0 0 0) - 0
#(0 0 0 0 0 0) - 0
#(0 0 0 0 0 0) - 0
#(0 0 0 0 0 0) - 0
#(0 0 0 0 0 0) - 0
#(0 0 0 0 0 0) - 0
#(0 0 0 0 0 0) - 0
#(0 0 0 0 0 0) - 0
#(0 0 0 0 0 0) - 0
#(0 0 0 0 0 0) - 0
#(0 0 0 0 0 0) - 0
#(0 0 0 0 0 0) - 0
#(0 0 0 0 0 0) - 0
#(0 0 0 0 0 0) - 0
#(0 0 0 0 0 0) - 0
#(0 0 0 0 0 0) - 0
#(0 0 0 0 0 0) - 0
#(0 0 0.045454547 0 0 0) - 2
#(0 0 0 0 0 0) - 0
#(0 0 0 0 0 0) - 0
#(0 0 0 0 0 0) - 0
#(0 0 0 0 0 0) - 0
#(0 0 0 0 0 0) - 0
#(0 0 0 0 0 0) - 0
#(0 0 0 0 0 0) - 0
#(0 0 0 0 0 0) - 0
#(0 0 0 0 0 0) - 0
#(0 0 0.045454547 0 0 0) - 2
#(0 0 0.045454547 0 0 0) - 2
#(0 0 0 0 0 0) - 0
#(0 0 0 0 0 0) - 0
#(0 0 0 0 0 0) - 0
#(0 0 0 0 0 0) - 0
#(0 0 0 0 0 0) - 0
